1.
0.
0.
0.
0.
0.
0.
0.
2.449489742783178
0.
0.
0.
0.
0.
0.
0.
3.872983346207417
0.
0.
0.
0.
0.
0.
0.
4.47213595499958
0.
0.
0.
0.
0.
0.
0.
3.872983346207417
0.
0.
0.
0.
0.
0.
0.
2.449489742783178
0.
0.
0.
0.
0.
0.
0.
1.
0.
-2.449489742783178
0.
0.
0.
0.
0.
1.
0.
-5.
0.
0.
0.
0.
0.
3.1622776601683795
0.
-6.324555320336759
0.
0.
0.
0.
0.
5.477225575051661
0.
-5.477225575051661
0.
0.
0.
0.
0.
6.324555320336759
0.
-3.1622776601683795
0.
0.
0.
0.
0.
5.
0.
-1.
0.
0.
0.
0.
0.
2.449489742783178
0.
0.
0.
3.872983346207417
0.
0.
0.
0.
0.
-3.1622776601683795
0.
6.324555320336759
0.
0.
0.
1.
0.
-8.
0.
6.
0.
0.
0.
3.4641016151377544
0.
-10.392304845413264
0.
3.4641016151377544
0.
0.
0.
6.
0.
-8.
0.
1.
0.
0.
0.
6.324555320336759
0.
-3.1622776601683795
0.
0.
0.
0.
0.
3.872983346207417
0.
0.
0.
0.
0.
-4.47213595499958
0.
0.
0.
0.
0.
5.477225575051661
0.
-5.477225575051661
0.
0.
0.
-3.4641016151377544
0.
10.392304845413264
0.
-3.4641016151377544
0.
1.
0.
-9.
0.
9.
0.
-1.
0.
3.4641016151377544
0.
-10.392304845413264
0.
3.4641016151377544
0.
0.
0.
5.477225575051661
0.
-5.477225575051661
0.
0.
0.
0.
0.
4.47213595499958
0.
0.
0.
0.
0.
0.
0.
3.872983346207417
0.
0.
0.
0.
0.
-6.324555320336759
0.
3.1622776601683795
0.
0.
0.
6.
0.
-8.
0.
1.
0.
-3.4641016151377544
0.
10.392304845413264
0.
-3.4641016151377544
0.
1.
0.
-8.
0.
6.
0.
0.
0.
3.1622776601683795
0.
-6.324555320336759
0.
0.
0.
0.
0.
3.872983346207417
0.
0.
0.
0.
0.
0.
0.
0.
0.
-2.449489742783178
0.
0.
0.
0.
0.
5.
0.
-1.
0.
0.
0.
-6.324555320336759
0.
3.1622776601683795
0.
0.
0.
5.477225575051661
0.
-5.477225575051661
0.
0.
0.
-3.1622776601683795
0.
6.324555320336759
0.
0.
0.
1.
0.
-5.
0.
0.
0.
0.
0.
2.449489742783178
0.
0.
0.
0.
0.
0.
0.
0.
0.
0.
0.
1.
0.
0.
0.
0.
0.
-2.449489742783178
0.
0.
0.
0.
0.
3.872983346207417
0.
0.
0.
0.
0.
-4.47213595499958
0.
0.
0.
0.
0.
3.872983346207417
0.
0.
0.
0.
0.
-2.449489742783178
0.
0.
0.
0.
0.
1.
0.
0.
0.
0.
0.
0.