0.
0.
0.
0.
0.
0.
-7.
0.
0.
0.
0.
0.
0.
-15.874507866387544
0.
2.6457513110645907
0.
0.
0.
0.
-22.9128784747792
0.
9.16515138991168
0.
0.
0.
0.
-23.664319132398465
0.
17.74823934929885
0.
0.
0.
0.
-17.74823934929885
0.
23.664319132398465
0.
0.
0.
0.
-9.16515138991168
0.
22.9128784747792
0.
0.
0.
0.
-2.6457513110645907
0.
15.874507866387544
0.
0.
0.
0.
0.
0.
7.
0.
0.
0.
0.
0.
0.
0.
0.
0.
0.
0.
15.874507866387544
0.
-2.6457513110645907
0.
0.
0.
0.
30.
0.
-19.
0.
0.
0.
0.
34.64101615137754
0.
-46.76537180435968
0.
3.4641016151377544
0.
0.
26.832815729997478
0.
-69.31810730249349
0.
13.416407864998739
0.
0.
13.416407864998739
0.
-69.31810730249349
0.
26.832815729997478
0.
0.
3.4641016151377544
0.
-46.76537180435968
0.
34.64101615137754
0.
0.
0.
0.
-19.
0.
30.
0.
0.
0.
0.
-2.6457513110645907
0.
15.874507866387544
0.
0.
0.
0.
0.
0.
0.
0.
0.
-22.9128784747792
0.
9.16515138991168
0.
0.
0.
0.
-34.64101615137754
0.
46.76537180435968
0.
-3.4641016151377544
0.
0.
-30.
0.
90.
0.
-27.
0.
0.
-15.491933384829668
0.
100.69756700139284
0.
-69.71370023173351
0.
3.872983346207417
-3.872983346207417
0.
69.71370023173351
0.
-100.69756700139284
0.
15.491933384829668
0.
0.
27.
0.
-90.
0.
30.
0.
0.
3.4641016151377544
0.
-46.76537180435968
0.
34.64101615137754
0.
0.
0.
0.
-9.16515138991168
0.
22.9128784747792
0.
0.
0.
0.
0.
0.
0.
23.664319132398465
0.
-17.74823934929885
0.
0.
0.
0.
26.832815729997478
0.
-69.31810730249349
0.
13.416407864998739
0.
0.
15.491933384829668
0.
-100.69756700139284
0.
69.71370023173351
0.
-3.872983346207417
4.
0.
-78.
0.
132.
0.
-31.
0.
0.
-31.
0.
132.
0.
-78.
0.
4.
-3.872983346207417
0.
69.71370023173351
0.
-100.69756700139284
0.
15.491933384829668
0.
0.
13.416407864998739
0.
-69.31810730249349
0.
26.832815729997478
0.
0.
0.
0.
-17.74823934929885
0.
23.664319132398465
0.
0.
0.
0.
0.
-17.74823934929885
0.
23.664319132398465
0.
0.
0.
0.
-13.416407864998739
0.
69.31810730249349
0.
-26.832815729997478
0.
0.
-3.872983346207417
0.
69.71370023173351
0.
-100.69756700139284
0.
15.491933384829668
0.
0.
31.
0.
-132.
0.
78.
0.
-4.
4.
0.
-78.
0.
132.
0.
-31.
0.
0.
-15.491933384829668
0.
100.69756700139284
0.
-69.71370023173351
0.
3.872983346207417
0.
0.
26.832815729997478
0.
-69.31810730249349
0.
13.416407864998739
0.
0.
0.
0.
-23.664319132398465
0.
17.74823934929885
0.
0.
0.
9.16515138991168
0.
-22.9128784747792
0.
0.
0.
0.
3.4641016151377544
0.
-46.76537180435968
0.
34.64101615137754
0.
0.
0.
0.
-27.
0.
90.
0.
-30.
0.
0.
-3.872983346207417
0.
69.71370023173351
0.
-100.69756700139284
0.
15.491933384829668
0.
0.
15.491933384829668
0.
-100.69756700139284
0.
69.71370023173351
0.
-3.872983346207417
0.
0.
-30.
0.
90.
0.
-27.
0.
0.
0.
0.
34.64101615137754
0.
-46.76537180435968
0.
3.4641016151377544
0.
0.
0.
0.
-22.9128784747792
0.
9.16515138991168
0.
-2.6457513110645907
0.
15.874507866387544
0.
0.
0.
0.
0.
0.
19.
0.
-30.
0.
0.
0.
0.
3.4641016151377544
0.
-46.76537180435968
0.
34.64101615137754
0.
0.
0.
0.
-13.416407864998739
0.
69.31810730249349
0.
-26.832815729997478
0.
0.
0.
0.
26.832815729997478
0.
-69.31810730249349
0.
13.416407864998739
0.
0.
0.
0.
-34.64101615137754
0.
46.76537180435968
0.
-3.4641016151377544
0.
0.
0.
0.
30.
0.
-19.
0.
0.
0.
0.
0.
0.
-15.874507866387544
0.
2.6457513110645907
0.
-7.
0.
0.
0.
0.
0.
0.
-2.6457513110645907
0.
15.874507866387544
0.
0.
0.
0.
0.
0.
9.16515138991168
0.
-22.9128784747792
0.
0.
0.
0.
0.
0.
-17.74823934929885
0.
23.664319132398465
0.
0.
0.
0.
0.
0.
23.664319132398465
0.
-17.74823934929885
0.
0.
0.
0.
0.
0.
-22.9128784747792
0.
9.16515138991168
0.
0.
0.
0.
0.
0.
15.874507866387544
0.
-2.6457513110645907
0.
0.
0.
0.
0.
0.
-7.
0.