1.
0.
0.
0.
0.
0.
0.
0.
0.
0.
0.
0.
3.1622776601683795
0.
0.
0.
0.
0.
0.
0.
0.
0.
0.
0.
6.708203932499369
0.
0.
0.
0.
0.
0.
0.
0.
0.
0.
0.
10.954451150103322
0.
0.
0.
0.
0.
0.
0.
0.
0.
0.
0.
14.491376746189438
0.
0.
0.
0.
0.
0.
0.
0.
0.
0.
0.
15.874507866387544
0.
0.
0.
0.
0.
0.
0.
0.
0.
0.
0.
14.491376746189438
0.
0.
0.
0.
0.
0.
0.
0.
0.
0.
0.
10.954451150103322
0.
0.
0.
0.
0.
0.
0.
0.
0.
0.
0.
6.708203932499369
0.
0.
0.
0.
0.
0.
0.
0.
0.
0.
0.
3.1622776601683795
0.
0.
0.
0.
0.
0.
0.
0.
0.
0.
0.
1.
0.
-3.1622776601683795
0.
0.
0.
0.
0.
0.
0.
0.
0.
1.
0.
-9.
0.
0.
0.
0.
0.
0.
0.
0.
0.
4.242640687119286
0.
-16.970562748477143
0.
0.
0.
0.
0.
0.
0.
0.
0.
10.392304845413264
0.
-24.24871130596428
0.
0.
0.
0.
0.
0.
0.
0.
0.
18.33030277982336
0.
-27.49545416973504
0.
0.
0.
0.
0.
0.
0.
0.
0.
25.099800796022265
0.
-25.099800796022265
0.
0.
0.
0.
0.
0.
0.
0.
0.
27.49545416973504
0.
-18.33030277982336
0.
0.
0.
0.
0.
0.
0.
0.
0.
24.24871130596428
0.
-10.392304845413264
0.
0.
0.
0.
0.
0.
0.
0.
0.
16.970562748477143
0.
-4.242640687119286
0.
0.
0.
0.
0.
0.
0.
0.
0.
9.
0.
-1.
0.
0.
0.
0.
0.
0.
0.
0.
0.
3.1622776601683795
0.
0.
0.
6.708203932499369
0.
0.
0.
0.
0.
0.
0.
0.
0.
-4.242640687119286
0.
16.970562748477143
0.
0.
0.
0.
0.
0.
0.
1.
0.
-16.
0.
28.
0.
0.
0.
0.
0.
0.
0.
4.898979485566356
0.
-34.29285639896449
0.
34.29285639896449
0.
0.
0.
0.
0.
0.
0.
12.96148139681572
0.
-51.84592558726288
0.
32.4037034920393
0.
0.
0.
0.
0.
0.
0.
23.664319132398465
0.
-59.16079783099616
0.
23.664319132398465
0.
0.
0.
0.
0.
0.
0.
32.4037034920393
0.
-51.84592558726288
0.
12.96148139681572
0.
0.
0.
0.
0.
0.
0.
34.29285639896449
0.
-34.29285639896449
0.
4.898979485566356
0.
0.
0.
0.
0.
0.
0.
28.
0.
-16.
0.
1.
0.
0.
0.
0.
0.
0.
0.
16.970562748477143
0.
-4.242640687119286
0.
0.
0.
0.
0.
0.
0.
0.
0.
6.708203932499369
0.
0.
0.
0.
0.
-10.954451150103322
0.
0.
0.
0.
0.
0.
0.
0.
0.
10.392304845413264
0.
-24.24871130596428
0.
0.
0.
0.
0.
0.
0.
-4.898979485566356
0.
34.29285639896449
0.
-34.29285639896449
0.
0.
0.
0.
0.
1.
0.
-21.
0.
63.
0.
-35.
0.
0.
0.
0.
0.
5.291502622129181
0.
-47.62352359916263
0.
79.37253933193772
0.
-26.457513110645905
0.
0.
0.
0.
0.
14.491376746189438
0.
-72.4568837309472
0.
72.4568837309472
0.
-14.491376746189438
0.
0.
0.
0.
0.
26.457513110645905
0.
-79.37253933193772
0.
47.62352359916263
0.
-5.291502622129181
0.
0.
0.
0.
0.
35.
0.
-63.
0.
21.
0.
-1.
0.
0.
0.
0.
0.
34.29285639896449
0.
-34.29285639896449
0.
4.898979485566356
0.
0.
0.
0.
0.
0.
0.
24.24871130596428
0.
-10.392304845413264
0.
0.
0.
0.
0.
0.
0.
0.
0.
10.954451150103322
0.
0.
0.
0.
0.
0.
0.
14.491376746189438
0.
0.
0.
0.
0.
0.
0.
0.
0.
-18.33030277982336
0.
27.49545416973504
0.
0.
0.
0.
0.
0.
0.
12.96148139681572
0.
-51.84592558726288
0.
32.4037034920393
0.
0.
0.
0.
0.
-5.291502622129181
0.
47.62352359916263
0.
-79.37253933193772
0.
26.457513110645905
0.
0.
0.
1.
0.
-24.
0.
90.
0.
-80.
0.
15.
0.
0.
0.
5.477225575051661
0.
-54.772255750516614
0.
109.54451150103323
0.
-54.772255750516614
0.
5.477225575051661
0.
0.
0.
15.
0.
-80.
0.
90.
0.
-24.
0.
1.
0.
0.
0.
26.457513110645905
0.
-79.37253933193772
0.
47.62352359916263
0.
-5.291502622129181
0.
0.
0.
0.
0.
32.4037034920393
0.
-51.84592558726288
0.
12.96148139681572
0.
0.
0.
0.
0.
0.
0.
27.49545416973504
0.
-18.33030277982336
0.
0.
0.
0.
0.
0.
0.
0.
0.
14.491376746189438
0.
0.
0.
0.
0.
0.
0.
0.
0.
-15.874507866387544
0.
0.
0.
0.
0.
0.
0.
0.
0.
25.099800796022265
0.
-25.099800796022265
0.
0.
0.
0.
0.
0.
0.
-23.664319132398465
0.
59.16079783099616
0.
-23.664319132398465
0.
0.
0.
0.
0.
14.491376746189438
0.
-72.4568837309472
0.
72.4568837309472
0.
-14.491376746189438
0.
0.
0.
-5.477225575051661
0.
54.772255750516614
0.
-109.54451150103323
0.
54.772255750516614
0.
-5.477225575051661
0.
1.
0.
-25.
0.
100.
0.
-100.
0.
25.
0.
-1.
0.
5.477225575051661
0.
-54.772255750516614
0.
109.54451150103323
0.
-54.772255750516614
0.
5.477225575051661
0.
0.
0.
14.491376746189438
0.
-72.4568837309472
0.
72.4568837309472
0.
-14.491376746189438
0.
0.
0.
0.
0.
23.664319132398465
0.
-59.16079783099616
0.
23.664319132398465
0.
0.
0.
0.
0.
0.
0.
25.099800796022265
0.
-25.099800796022265
0.
0.
0.
0.
0.
0.
0.
0.
0.
15.874507866387544
0.
0.
0.
0.
0.
0.
0.
0.
0.
0.
0.
14.491376746189438
0.
0.
0.
0.
0.
0.
0.
0.
0.
-27.49545416973504
0.
18.33030277982336
0.
0.
0.
0.
0.
0.
0.
32.4037034920393
0.
-51.84592558726288
0.
12.96148139681572
0.
0.
0.
0.
0.
-26.457513110645905
0.
79.37253933193772
0.
-47.62352359916263
0.
5.291502622129181
0.
0.
0.
15.
0.
-80.
0.
90.
0.
-24.
0.
1.
0.
-5.477225575051661
0.
54.772255750516614
0.
-109.54451150103323
0.
54.772255750516614
0.
-5.477225575051661
0.
1.
0.
-24.
0.
90.
0.
-80.
0.
15.
0.
0.
0.
5.291502622129181
0.
-47.62352359916263
0.
79.37253933193772
0.
-26.457513110645905
0.
0.
0.
0.
0.
12.96148139681572
0.
-51.84592558726288
0.
32.4037034920393
0.
0.
0.
0.
0.
0.
0.
18.33030277982336
0.
-27.49545416973504
0.
0.
0.
0.
0.
0.
0.
0.
0.
14.491376746189438
0.
0.
0.
0.
0.
0.
0.
0.
0.
0.
0.
0.
0.
-10.954451150103322
0.
0.
0.
0.
0.
0.
0.
0.
0.
24.24871130596428
0.
-10.392304845413264
0.
0.
0.
0.
0.
0.
0.
-34.29285639896449
0.
34.29285639896449
0.
-4.898979485566356
0.
0.
0.
0.
0.
35.
0.
-63.
0.
21.
0.
-1.
0.
0.
0.
-26.457513110645905
0.
79.37253933193772
0.
-47.62352359916263
0.
5.291502622129181
0.
0.
0.
14.491376746189438
0.
-72.4568837309472
0.
72.4568837309472
0.
-14.491376746189438
0.
0.
0.
-5.291502622129181
0.
47.62352359916263
0.
-79.37253933193772
0.
26.457513110645905
0.
0.
0.
1.
0.
-21.
0.
63.
0.
-35.
0.
0.
0.
0.
0.
4.898979485566356
0.
-34.29285639896449
0.
34.29285639896449
0.
0.
0.
0.
0.
0.
0.
10.392304845413264
0.
-24.24871130596428
0.
0.
0.
0.
0.
0.
0.
0.
0.
10.954451150103322
0.
0.
0.
0.
0.
0.
0.
0.
0.
0.
0.
0.
0.
0.
0.
6.708203932499369
0.
0.
0.
0.
0.
0.
0.
0.
0.
-16.970562748477143
0.
4.242640687119286
0.
0.
0.
0.
0.
0.
0.
28.
0.
-16.
0.
1.
0.
0.
0.
0.
0.
-34.29285639896449
0.
34.29285639896449
0.
-4.898979485566356
0.
0.
0.
0.
0.
32.4037034920393
0.
-51.84592558726288
0.
12.96148139681572
0.
0.
0.
0.
0.
-23.664319132398465
0.
59.16079783099616
0.
-23.664319132398465
0.
0.
0.
0.
0.
12.96148139681572
0.
-51.84592558726288
0.
32.4037034920393
0.
0.
0.
0.
0.
-4.898979485566356
0.
34.29285639896449
0.
-34.29285639896449
0.
0.
0.
0.
0.
1.
0.
-16.
0.
28.
0.
0.
0.
0.
0.
0.
0.
4.242640687119286
0.
-16.970562748477143
0.
0.
0.
0.
0.
0.
0.
0.
0.
6.708203932499369
0.
0.
0.
0.
0.
0.
0.
0.
0.
0.
0.
0.
0.
0.
0.
0.
0.
-3.1622776601683795
0.
0.
0.
0.
0.
0.
0.
0.
0.
9.
0.
-1.
0.
0.
0.
0.
0.
0.
0.
-16.970562748477143
0.
4.242640687119286
0.
0.
0.
0.
0.
0.
0.
24.24871130596428
0.
-10.392304845413264
0.
0.
0.
0.
0.
0.
0.
-27.49545416973504
0.
18.33030277982336
0.
0.
0.
0.
0.
0.
0.
25.099800796022265
0.
-25.099800796022265
0.
0.
0.
0.
0.
0.
0.
-18.33030277982336
0.
27.49545416973504
0.
0.
0.
0.
0.
0.
0.
10.392304845413264
0.
-24.24871130596428
0.
0.
0.
0.
0.
0.
0.
-4.242640687119286
0.
16.970562748477143
0.
0.
0.
0.
0.
0.
0.
1.
0.
-9.
0.
0.
0.
0.
0.
0.
0.
0.
0.
3.1622776601683795
0.
0.
0.
0.
0.
0.
0.
0.
0.
0.
0.
0.
0.
0.
0.
0.
0.
0.
0.
1.
0.
0.
0.
0.
0.
0.
0.
0.
0.
-3.1622776601683795
0.
0.
0.
0.
0.
0.
0.
0.
0.
6.708203932499369
0.
0.
0.
0.
0.
0.
0.
0.
0.
-10.954451150103322
0.
0.
0.
0.
0.
0.
0.
0.
0.
14.491376746189438
0.
0.
0.
0.
0.
0.
0.
0.
0.
-15.874507866387544
0.
0.
0.
0.
0.
0.
0.
0.
0.
14.491376746189438
0.
0.
0.
0.
0.
0.
0.
0.
0.
-10.954451150103322
0.
0.
0.
0.
0.
0.
0.
0.
0.
6.708203932499369
0.
0.
0.
0.
0.
0.
0.
0.
0.
-3.1622776601683795
0.
0.
0.
0.
0.
0.
0.
0.
0.
1.
0.
0.
0.
0.
0.
0.
0.
0.
0.
0.