0.
0.
0.
0.
0.
0.
0.
0.
-9.
0.
0.
0.
0.
0.
0.
0.
0.
-24.
0.
3.
0.
0.
0.
0.
0.
0.
-42.
0.
12.
0.
0.
0.
0.
0.
0.
-54.99090833947008
0.
27.49545416973504
0.
0.
0.
0.
0.
0.
-56.12486080160912
0.
44.8998886412873
0.
0.
0.
0.
0.
0.
-44.8998886412873
0.
56.12486080160912
0.
0.
0.
0.
0.
0.
-27.49545416973504
0.
54.99090833947008
0.
0.
0.
0.
0.
0.
-12.
0.
42.
0.
0.
0.
0.
0.
0.
-3.
0.
24.
0.
0.
0.
0.
0.
0.
0.
0.
9.
0.
0.
0.
0.
0.
0.
0.
0.
0.
0.
0.
0.
0.
0.
0.
24.
0.
-3.
0.
0.
0.
0.
0.
0.
56.
0.
-25.
0.
0.
0.
0.
0.
0.
84.
0.
-74.
0.
4.
0.
0.
0.
0.
91.6515138991168
0.
-137.4772708486752
0.
18.33030277982336
0.
0.
0.
0.
74.83314773547883
0.
-183.34121195192313
0.
44.8998886412873
0.
0.
0.
0.
44.8998886412873
0.
-183.34121195192313
0.
74.83314773547883
0.
0.
0.
0.
18.33030277982336
0.
-137.4772708486752
0.
91.6515138991168
0.
0.
0.
0.
4.
0.
-74.
0.
84.
0.
0.
0.
0.
0.
0.
-25.
0.
56.
0.
0.
0.
0.
0.
0.
-3.
0.
24.
0.
0.
0.
0.
0.
0.
0.
0.
0.
0.
0.
0.
0.
-42.
0.
12.
0.
0.
0.
0.
0.
0.
-84.
0.
74.
0.
-4.
0.
0.
0.
0.
-105.
0.
182.
0.
-37.
0.
0.
0.
0.
-91.6515138991168
0.
279.53711739230624
0.
-119.14696806885183
0.
4.58257569495584
0.
0.
-56.12486080160912
0.
299.3325909419153
0.
-228.24110059321043
0.
22.44994432064365
0.
0.
-22.44994432064365
0.
228.24110059321043
0.
-299.3325909419153
0.
56.12486080160912
0.
0.
-4.58257569495584
0.
119.14696806885183
0.
-279.53711739230624
0.
91.6515138991168
0.
0.
0.
0.
37.
0.
-182.
0.
105.
0.
0.
0.
0.
4.
0.
-74.
0.
84.
0.
0.
0.
0.
0.
0.
-12.
0.
42.
0.
0.
0.
0.
0.
0.
0.
0.
0.
0.
0.
54.99090833947008
0.
-27.49545416973504
0.
0.
0.
0.
0.
0.
91.6515138991168
0.
-137.4772708486752
0.
18.33030277982336
0.
0.
0.
0.
91.6515138991168
0.
-279.53711739230624
0.
119.14696806885183
0.
-4.58257569495584
0.
0.
60.
0.
-345.
0.
306.
0.
-45.
0.
0.
24.49489742783178
0.
-281.69132042006544
0.
465.4030511288038
0.
-149.41887430977386
0.
4.898979485566356
4.898979485566356
0.
-149.41887430977386
0.
465.4030511288038
0.
-281.69132042006544
0.
24.49489742783178
0.
0.
-45.
0.
306.
0.
-345.
0.
60.
0.
0.
-4.58257569495584
0.
119.14696806885183
0.
-279.53711739230624
0.
91.6515138991168
0.
0.
0.
0.
18.33030277982336
0.
-137.4772708486752
0.
91.6515138991168
0.
0.
0.
0.
0.
0.
-27.49545416973504
0.
54.99090833947008
0.
0.
0.
0.
0.
0.
0.
0.
0.
-56.12486080160912
0.
44.8998886412873
0.
0.
0.
0.
0.
0.
-74.83314773547883
0.
183.34121195192313
0.
-44.8998886412873
0.
0.
0.
0.
-56.12486080160912
0.
299.3325909419153
0.
-228.24110059321043
0.
22.44994432064365
0.
0.
-24.49489742783178
0.
281.69132042006544
0.
-465.4030511288038
0.
149.41887430977386
0.
-4.898979485566356
-5.
0.
160.
0.
-540.
0.
380.
0.
-49.
0.
0.
49.
0.
-380.
0.
540.
0.
-160.
0.
5.
4.898979485566356
0.
-149.41887430977386
0.
465.4030511288038
0.
-281.69132042006544
0.
24.49489742783178
0.
0.
-22.44994432064365
0.
228.24110059321043
0.
-299.3325909419153
0.
56.12486080160912
0.
0.
0.
0.
44.8998886412873
0.
-183.34121195192313
0.
74.83314773547883
0.
0.
0.
0.
0.
0.
-44.8998886412873
0.
56.12486080160912
0.
0.
0.
0.
0.
0.
0.
44.8998886412873
0.
-56.12486080160912
0.
0.
0.
0.
0.
0.
44.8998886412873
0.
-183.34121195192313
0.
74.83314773547883
0.
0.
0.
0.
22.44994432064365
0.
-228.24110059321043
0.
299.3325909419153
0.
-56.12486080160912
0.
0.
4.898979485566356
0.
-149.41887430977386
0.
465.4030511288038
0.
-281.69132042006544
0.
24.49489742783178
0.
0.
-49.
0.
380.
0.
-540.
0.
160.
0.
-5.
-5.
0.
160.
0.
-540.
0.
380.
0.
-49.
0.
0.
24.49489742783178
0.
-281.69132042006544
0.
465.4030511288038
0.
-149.41887430977386
0.
4.898979485566356
0.
0.
-56.12486080160912
0.
299.3325909419153
0.
-228.24110059321043
0.
22.44994432064365
0.
0.
0.
0.
74.83314773547883
0.
-183.34121195192313
0.
44.8998886412873
0.
0.
0.
0.
0.
0.
-56.12486080160912
0.
44.8998886412873
0.
0.
0.
0.
0.
-27.49545416973504
0.
54.99090833947008
0.
0.
0.
0.
0.
0.
-18.33030277982336
0.
137.4772708486752
0.
-91.6515138991168
0.
0.
0.
0.
-4.58257569495584
0.
119.14696806885183
0.
-279.53711739230624
0.
91.6515138991168
0.
0.
0.
0.
45.
0.
-306.
0.
345.
0.
-60.
0.
0.
4.898979485566356
0.
-149.41887430977386
0.
465.4030511288038
0.
-281.69132042006544
0.
24.49489742783178
0.
0.
-24.49489742783178
0.
281.69132042006544
0.
-465.4030511288038
0.
149.41887430977386
0.
-4.898979485566356
0.
0.
60.
0.
-345.
0.
306.
0.
-45.
0.
0.
0.
0.
-91.6515138991168
0.
279.53711739230624
0.
-119.14696806885183
0.
4.58257569495584
0.
0.
0.
0.
91.6515138991168
0.
-137.4772708486752
0.
18.33030277982336
0.
0.
0.
0.
0.
0.
-54.99090833947008
0.
27.49545416973504
0.
0.
0.
12.
0.
-42.
0.
0.
0.
0.
0.
0.
4.
0.
-74.
0.
84.
0.
0.
0.
0.
0.
0.
-37.
0.
182.
0.
-105.
0.
0.
0.
0.
-4.58257569495584
0.
119.14696806885183
0.
-279.53711739230624
0.
91.6515138991168
0.
0.
0.
0.
22.44994432064365
0.
-228.24110059321043
0.
299.3325909419153
0.
-56.12486080160912
0.
0.
0.
0.
-56.12486080160912
0.
299.3325909419153
0.
-228.24110059321043
0.
22.44994432064365
0.
0.
0.
0.
91.6515138991168
0.
-279.53711739230624
0.
119.14696806885183
0.
-4.58257569495584
0.
0.
0.
0.
-105.
0.
182.
0.
-37.
0.
0.
0.
0.
0.
0.
84.
0.
-74.
0.
4.
0.
0.
0.
0.
0.
0.
-42.
0.
12.
0.
-3.
0.
24.
0.
0.
0.
0.
0.
0.
0.
0.
25.
0.
-56.
0.
0.
0.
0.
0.
0.
4.
0.
-74.
0.
84.
0.
0.
0.
0.
0.
0.
-18.33030277982336
0.
137.4772708486752
0.
-91.6515138991168
0.
0.
0.
0.
0.
0.
44.8998886412873
0.
-183.34121195192313
0.
74.83314773547883
0.
0.
0.
0.
0.
0.
-74.83314773547883
0.
183.34121195192313
0.
-44.8998886412873
0.
0.
0.
0.
0.
0.
91.6515138991168
0.
-137.4772708486752
0.
18.33030277982336
0.
0.
0.
0.
0.
0.
-84.
0.
74.
0.
-4.
0.
0.
0.
0.
0.
0.
56.
0.
-25.
0.
0.
0.
0.
0.
0.
0.
0.
-24.
0.
3.
0.
-9.
0.
0.
0.
0.
0.
0.
0.
0.
-3.
0.
24.
0.
0.
0.
0.
0.
0.
0.
0.
12.
0.
-42.
0.
0.
0.
0.
0.
0.
0.
0.
-27.49545416973504
0.
54.99090833947008
0.
0.
0.
0.
0.
0.
0.
0.
44.8998886412873
0.
-56.12486080160912
0.
0.
0.
0.
0.
0.
0.
0.
-56.12486080160912
0.
44.8998886412873
0.
0.
0.
0.
0.
0.
0.
0.
54.99090833947008
0.
-27.49545416973504
0.
0.
0.
0.
0.
0.
0.
0.
-42.
0.
12.
0.
0.
0.
0.
0.
0.
0.
0.
24.
0.
-3.
0.
0.
0.
0.
0.
0.
0.
0.
-9.
0.