1.
0.
0.
0.
0.
0.
2.
0.
0.
0.
0.
0.
2.449489742783178
0.
0.
0.
0.
0.
2.
0.
0.
0.
0.
0.
1.
0.
-2.
0.
0.
0.
1.
0.
-3.
0.
0.
0.
2.449489742783178
0.
-2.449489742783178
0.
0.
0.
3.
0.
-1.
0.
0.
0.
2.
0.
0.
0.
2.449489742783178
0.
0.
0.
-2.449489742783178
0.
2.449489742783178
0.
1.
0.
-4.
0.
1.
0.
2.449489742783178
0.
-2.449489742783178
0.
0.
0.
2.449489742783178
0.
0.
0.
0.
0.
-2.
0.
0.
0.
3.
0.
-1.
0.
-2.449489742783178
0.
2.449489742783178
0.
1.
0.
-3.
0.
0.
0.
2.
0.
0.
0.
0.
0.
0.
0.
1.
0.
0.
0.
-2.
0.
0.
0.
2.449489742783178
0.
0.
0.
-2.
0.
0.
0.
1.
0.
0.
0.
0.