0.
0.
0.
0.
0.
0.
0.
0.
0.
-10.
0.
0.
0.
0.
0.
0.
0.
0.
0.
-28.460498941515414
0.
3.1622776601683795
0.
0.
0.
0.
0.
0.
0.
-53.665631459994955
0.
13.416407864998739
0.
0.
0.
0.
0.
0.
0.
-76.68115805072325
0.
32.863353450309965
0.
0.
0.
0.
0.
0.
0.
-86.94826047713663
0.
57.96550698475775
0.
0.
0.
0.
0.
0.
0.
-79.37253933193772
0.
79.37253933193772
0.
0.
0.
0.
0.
0.
0.
-57.96550698475775
0.
86.94826047713663
0.
0.
0.
0.
0.
0.
0.
-32.863353450309965
0.
76.68115805072325
0.
0.
0.
0.
0.
0.
0.
-13.416407864998739
0.
53.665631459994955
0.
0.
0.
0.
0.
0.
0.
-3.1622776601683795
0.
28.460498941515414
0.
0.
0.
0.
0.
0.
0.
0.
0.
10.
0.
0.
0.
0.
0.
0.
0.
0.
0.
0.
0.
0.
0.
0.
0.
0.
0.
28.460498941515414
0.
-3.1622776601683795
0.
0.
0.
0.
0.
0.
0.
72.
0.
-28.
0.
0.
0.
0.
0.
0.
0.
118.79393923933999
0.
-89.095454429505
0.
4.242640687119286
0.
0.
0.
0.
0.
145.4922678357857
0.
-180.13328398716322
0.
20.784609690826528
0.
0.
0.
0.
0.
137.4772708486752
0.
-265.78939030743874
0.
54.99090833947008
0.
0.
0.
0.
0.
100.39920318408906
0.
-301.1976095522672
0.
100.39920318408906
0.
0.
0.
0.
0.
54.99090833947008
0.
-265.78939030743874
0.
137.4772708486752
0.
0.
0.
0.
0.
20.784609690826528
0.
-180.13328398716322
0.
145.4922678357857
0.
0.
0.
0.
0.
4.242640687119286
0.
-89.095454429505
0.
118.79393923933999
0.
0.
0.
0.
0.
0.
0.
-28.
0.
72.
0.
0.
0.
0.
0.
0.
0.
-3.1622776601683795
0.
28.460498941515414
0.
0.
0.
0.
0.
0.
0.
0.
0.
0.
0.
0.
0.
0.
0.
-53.665631459994955
0.
13.416407864998739
0.
0.
0.
0.
0.
0.
0.
-118.79393923933999
0.
89.095454429505
0.
-4.242640687119286
0.
0.
0.
0.
0.
-168.
0.
240.
0.
-42.
0.
0.
0.
0.
0.
-171.46428199482244
0.
411.51427678757386
0.
-146.96938456699067
0.
4.898979485566356
0.
0.
0.
-129.6148139681572
0.
505.4977744758131
0.
-311.0755535235773
0.
25.92296279363144
0.
0.
0.
-70.9929573971954
0.
461.45422308177007
0.
-461.45422308177007
0.
70.9929573971954
0.
0.
0.
-25.92296279363144
0.
311.0755535235773
0.
-505.4977744758131
0.
129.6148139681572
0.
0.
0.
-4.898979485566356
0.
146.96938456699067
0.
-411.51427678757386
0.
171.46428199482244
0.
0.
0.
0.
0.
42.
0.
-240.
0.
168.
0.
0.
0.
0.
0.
4.242640687119286
0.
-89.095454429505
0.
118.79393923933999
0.
0.
0.
0.
0.
0.
0.
-13.416407864998739
0.
53.665631459994955
0.
0.
0.
0.
0.
0.
0.
0.
0.
0.
0.
0.
0.
76.68115805072325
0.
-32.863353450309965
0.
0.
0.
0.
0.
0.
0.
145.4922678357857
0.
-180.13328398716322
0.
20.784609690826528
0.
0.
0.
0.
0.
171.46428199482244
0.
-411.51427678757386
0.
146.96938456699067
0.
-4.898979485566356
0.
0.
0.
140.
0.
-588.
0.
420.
0.
-52.
0.
0.
0.
79.37253933193772
0.
-582.06528843421
0.
730.227361853827
0.
-190.49409439665052
0.
5.291502622129181
0.
28.982753492378876
0.
-405.75854889330424
0.
869.4826047713663
0.
-405.75854889330424
0.
28.982753492378876
0.
5.291502622129181
0.
-190.49409439665052
0.
730.227361853827
0.
-582.06528843421
0.
79.37253933193772
0.
0.
0.
-52.
0.
420.
0.
-588.
0.
140.
0.
0.
0.
-4.898979485566356
0.
146.96938456699067
0.
-411.51427678757386
0.
171.46428199482244
0.
0.
0.
0.
0.
20.784609690826528
0.
-180.13328398716322
0.
145.4922678357857
0.
0.
0.
0.
0.
0.
0.
-32.863353450309965
0.
76.68115805072325
0.
0.
0.
0.
0.
0.
0.
0.
0.
0.
0.
-86.94826047713663
0.
57.96550698475775
0.
0.
0.
0.
0.
0.
0.
-137.4772708486752
0.
265.78939030743874
0.
-54.99090833947008
0.
0.
0.
0.
0.
-129.6148139681572
0.
505.4977744758131
0.
-311.0755535235773
0.
25.92296279363144
0.
0.
0.
-79.37253933193772
0.
582.06528843421
0.
-730.227361853827
0.
190.49409439665052
0.
-5.291502622129181
0.
-30.
0.
440.
0.
-1020.
0.
552.
0.
-58.
0.
-5.477225575051661
0.
213.61179742701478
0.
-931.1283477587824
0.
931.1283477587824
0.
-213.61179742701478
0.
5.477225575051661
0.
58.
0.
-552.
0.
1020.
0.
-440.
0.
30.
0.
5.291502622129181
0.
-190.49409439665052
0.
730.227361853827
0.
-582.06528843421
0.
79.37253933193772
0.
0.
0.
-25.92296279363144
0.
311.0755535235773
0.
-505.4977744758131
0.
129.6148139681572
0.
0.
0.
0.
0.
54.99090833947008
0.
-265.78939030743874
0.
137.4772708486752
0.
0.
0.
0.
0.
0.
0.
-57.96550698475775
0.
86.94826047713663
0.
0.
0.
0.
0.
0.
0.
0.
0.
79.37253933193772
0.
-79.37253933193772
0.
0.
0.
0.
0.
0.
0.
100.39920318408906
0.
-301.1976095522672
0.
100.39920318408906
0.
0.
0.
0.
0.
70.9929573971954
0.
-461.45422308177007
0.
461.45422308177007
0.
-70.9929573971954
0.
0.
0.
28.982753492378876
0.
-405.75854889330424
0.
869.4826047713663
0.
-405.75854889330424
0.
28.982753492378876
0.
5.477225575051661
0.
-213.61179742701478
0.
931.1283477587824
0.
-931.1283477587824
0.
213.61179742701478
0.
-5.477225575051661
0.
-60.
0.
600.
0.
-1200.
0.
600.
0.
-60.
0.
-5.477225575051661
0.
213.61179742701478
0.
-931.1283477587824
0.
931.1283477587824
0.
-213.61179742701478
0.
5.477225575051661
0.
28.982753492378876
0.
-405.75854889330424
0.
869.4826047713663
0.
-405.75854889330424
0.
28.982753492378876
0.
0.
0.
-70.9929573971954
0.
461.45422308177007
0.
-461.45422308177007
0.
70.9929573971954
0.
0.
0.
0.
0.
100.39920318408906
0.
-301.1976095522672
0.
100.39920318408906
0.
0.
0.
0.
0.
0.
0.
-79.37253933193772
0.
79.37253933193772
0.
0.
0.
0.
0.
0.
0.
-57.96550698475775
0.
86.94826047713663
0.
0.
0.
0.
0.
0.
0.
-54.99090833947008
0.
265.78939030743874
0.
-137.4772708486752
0.
0.
0.
0.
0.
-25.92296279363144
0.
311.0755535235773
0.
-505.4977744758131
0.
129.6148139681572
0.
0.
0.
-5.291502622129181
0.
190.49409439665052
0.
-730.227361853827
0.
582.06528843421
0.
-79.37253933193772
0.
0.
0.
58.
0.
-552.
0.
1020.
0.
-440.
0.
30.
0.
5.477225575051661
0.
-213.61179742701478
0.
931.1283477587824
0.
-931.1283477587824
0.
213.61179742701478
0.
-5.477225575051661
0.
-30.
0.
440.
0.
-1020.
0.
552.
0.
-58.
0.
0.
0.
79.37253933193772
0.
-582.06528843421
0.
730.227361853827
0.
-190.49409439665052
0.
5.291502622129181
0.
0.
0.
-129.6148139681572
0.
505.4977744758131
0.
-311.0755535235773
0.
25.92296279363144
0.
0.
0.
0.
0.
137.4772708486752
0.
-265.78939030743874
0.
54.99090833947008
0.
0.
0.
0.
0.
0.
0.
-86.94826047713663
0.
57.96550698475775
0.
0.
0.
0.
0.
32.863353450309965
0.
-76.68115805072325
0.
0.
0.
0.
0.
0.
0.
20.784609690826528
0.
-180.13328398716322
0.
145.4922678357857
0.
0.
0.
0.
0.
4.898979485566356
0.
-146.96938456699067
0.
411.51427678757386
0.
-171.46428199482244
0.
0.
0.
0.
0.
-52.
0.
420.
0.
-588.
0.
140.
0.
0.
0.
-5.291502622129181
0.
190.49409439665052
0.
-730.227361853827
0.
582.06528843421
0.
-79.37253933193772
0.
0.
0.
28.982753492378876
0.
-405.75854889330424
0.
869.4826047713663
0.
-405.75854889330424
0.
28.982753492378876
0.
0.
0.
-79.37253933193772
0.
582.06528843421
0.
-730.227361853827
0.
190.49409439665052
0.
-5.291502622129181
0.
0.
0.
140.
0.
-588.
0.
420.
0.
-52.
0.
0.
0.
0.
0.
-171.46428199482244
0.
411.51427678757386
0.
-146.96938456699067
0.
4.898979485566356
0.
0.
0.
0.
0.
145.4922678357857
0.
-180.13328398716322
0.
20.784609690826528
0.
0.
0.
0.
0.
0.
0.
-76.68115805072325
0.
32.863353450309965
0.
0.
0.
-13.416407864998739
0.
53.665631459994955
0.
0.
0.
0.
0.
0.
0.
-4.242640687119286
0.
89.095454429505
0.
-118.79393923933999
0.
0.
0.
0.
0.
0.
0.
42.
0.
-240.
0.
168.
0.
0.
0.
0.
0.
4.898979485566356
0.
-146.96938456699067
0.
411.51427678757386
0.
-171.46428199482244
0.
0.
0.
0.
0.
-25.92296279363144
0.
311.0755535235773
0.
-505.4977744758131
0.
129.6148139681572
0.
0.
0.
0.
0.
70.9929573971954
0.
-461.45422308177007
0.
461.45422308177007
0.
-70.9929573971954
0.
0.
0.
0.
0.
-129.6148139681572
0.
505.4977744758131
0.
-311.0755535235773
0.
25.92296279363144
0.
0.
0.
0.
0.
171.46428199482244
0.
-411.51427678757386
0.
146.96938456699067
0.
-4.898979485566356
0.
0.
0.
0.
0.
-168.
0.
240.
0.
-42.
0.
0.
0.
0.
0.
0.
0.
118.79393923933999
0.
-89.095454429505
0.
4.242640687119286
0.
0.
0.
0.
0.
0.
0.
-53.665631459994955
0.
13.416407864998739
0.
3.1622776601683795
0.
-28.460498941515414
0.
0.
0.
0.
0.
0.
0.
0.
0.
-28.
0.
72.
0.
0.
0.
0.
0.
0.
0.
-4.242640687119286
0.
89.095454429505
0.
-118.79393923933999
0.
0.
0.
0.
0.
0.
0.
20.784609690826528
0.
-180.13328398716322
0.
145.4922678357857
0.
0.
0.
0.
0.
0.
0.
-54.99090833947008
0.
265.78939030743874
0.
-137.4772708486752
0.
0.
0.
0.
0.
0.
0.
100.39920318408906
0.
-301.1976095522672
0.
100.39920318408906
0.
0.
0.
0.
0.
0.
0.
-137.4772708486752
0.
265.78939030743874
0.
-54.99090833947008
0.
0.
0.
0.
0.
0.
0.
145.4922678357857
0.
-180.13328398716322
0.
20.784609690826528
0.
0.
0.
0.
0.
0.
0.
-118.79393923933999
0.
89.095454429505
0.
-4.242640687119286
0.
0.
0.
0.
0.
0.
0.
72.
0.
-28.
0.
0.
0.
0.
0.
0.
0.
0.
0.
-28.460498941515414
0.
3.1622776601683795
0.
10.
0.
0.
0.
0.
0.
0.
0.
0.
0.
3.1622776601683795
0.
-28.460498941515414
0.
0.
0.
0.
0.
0.
0.
0.
0.
-13.416407864998739
0.
53.665631459994955
0.
0.
0.
0.
0.
0.
0.
0.
0.
32.863353450309965
0.
-76.68115805072325
0.
0.
0.
0.
0.
0.
0.
0.
0.
-57.96550698475775
0.
86.94826047713663
0.
0.
0.
0.
0.
0.
0.
0.
0.
79.37253933193772
0.
-79.37253933193772
0.
0.
0.
0.
0.
0.
0.
0.
0.
-86.94826047713663
0.
57.96550698475775
0.
0.
0.
0.
0.
0.
0.
0.
0.
76.68115805072325
0.
-32.863353450309965
0.
0.
0.
0.
0.
0.
0.
0.
0.
-53.665631459994955
0.
13.416407864998739
0.
0.
0.
0.
0.
0.
0.
0.
0.
28.460498941515414
0.
-3.1622776601683795
0.
0.
0.
0.
0.
0.
0.
0.
0.
-10.
0.