0.
0.
0.
-4.
0.
0.
0.
-6.
0.
2.
0.
-4.898979485566356
0.
4.898979485566356
0.
-2.
0.
6.
0.
0.
0.
4.
0.
0.
0.
0.
0.
6.
0.
-2.
0.
6.
0.
-10.
0.
2.449489742783178
0.
-14.696938456699067
0.
2.449489742783178
0.
-10.
0.
6.
0.
-2.
0.
6.
0.
0.
0.
-4.898979485566356
0.
4.898979485566356
0.
-2.449489742783178
0.
14.696938456699067
0.
-2.449489742783178
0.
12.
0.
-12.
0.
2.449489742783178
0.
-14.696938456699067
0.
2.449489742783178
0.
-4.898979485566356
0.
4.898979485566356
0.
2.
0.
-6.
0.
0.
0.
-10.
0.
6.
0.
-2.449489742783178
0.
14.696938456699067
0.
-2.449489742783178
0.
6.
0.
-10.
0.
0.
0.
-6.
0.
2.
0.
4.
0.
0.
0.
2.
0.
-6.
0.
0.
0.
-4.898979485566356
0.
4.898979485566356
0.
0.
0.
6.
0.
-2.
0.
0.
0.
-4.
0.