1.
0.
0.
0.
0.
0.
0.
0.
0.
0.
0.
0.
0.
3.3166247903554
0.
0.
0.
0.
0.
0.
0.
0.
0.
0.
0.
0.
7.416198487095663
0.
0.
0.
0.
0.
0.
0.
0.
0.
0.
0.
0.
12.84523257866513
0.
0.
0.
0.
0.
0.
0.
0.
0.
0.
0.
0.
18.16590212458495
0.
0.
0.
0.
0.
0.
0.
0.
0.
0.
0.
0.
21.494185260204677
0.
0.
0.
0.
0.
0.
0.
0.
0.
0.
0.
0.
21.494185260204677
0.
0.
0.
0.
0.
0.
0.
0.
0.
0.
0.
0.
18.16590212458495
0.
0.
0.
0.
0.
0.
0.
0.
0.
0.
0.
0.
12.84523257866513
0.
0.
0.
0.
0.
0.
0.
0.
0.
0.
0.
0.
7.416198487095663
0.
0.
0.
0.
0.
0.
0.
0.
0.
0.
0.
0.
3.3166247903554
0.
0.
0.
0.
0.
0.
0.
0.
0.
0.
0.
0.
1.
0.
-3.3166247903554
0.
0.
0.
0.
0.
0.
0.
0.
0.
0.
1.
0.
-10.
0.
0.
0.
0.
0.
0.
0.
0.
0.
0.
4.47213595499958
0.
-20.12461179749811
0.
0.
0.
0.
0.
0.
0.
0.
0.
0.
11.618950038622252
0.
-30.983866769659336
0.
0.
0.
0.
0.
0.
0.
0.
0.
0.
21.908902300206645
0.
-38.34057902536163
0.
0.
0.
0.
0.
0.
0.
0.
0.
0.
32.4037034920393
0.
-38.88444419044716
0.
0.
0.
0.
0.
0.
0.
0.
0.
0.
38.88444419044716
0.
-32.4037034920393
0.
0.
0.
0.
0.
0.
0.
0.
0.
0.
38.34057902536163
0.
-21.908902300206645
0.
0.
0.
0.
0.
0.
0.
0.
0.
0.
30.983866769659336
0.
-11.618950038622252
0.
0.
0.
0.
0.
0.
0.
0.
0.
0.
20.12461179749811
0.
-4.47213595499958
0.
0.
0.
0.
0.
0.
0.
0.
0.
0.
10.
0.
-1.
0.
0.
0.
0.
0.
0.
0.
0.
0.
0.
3.3166247903554
0.
0.
0.
7.416198487095663
0.
0.
0.
0.
0.
0.
0.
0.
0.
0.
-4.47213595499958
0.
20.12461179749811
0.
0.
0.
0.
0.
0.
0.
0.
1.
0.
-18.
0.
36.
0.
0.
0.
0.
0.
0.
0.
0.
5.196152422706632
0.
-41.569219381653056
0.
48.49742261192856
0.
0.
0.
0.
0.
0.
0.
0.
14.696938456699067
0.
-68.58571279792898
0.
51.43928459844673
0.
0.
0.
0.
0.
0.
0.
0.
28.982753492378876
0.
-86.94826047713663
0.
43.474130238568314
0.
0.
0.
0.
0.
0.
0.
0.
43.474130238568314
0.
-86.94826047713663
0.
28.982753492378876
0.
0.
0.
0.
0.
0.
0.
0.
51.43928459844673
0.
-68.58571279792898
0.
14.696938456699067
0.
0.
0.
0.
0.
0.
0.
0.
48.49742261192856
0.
-41.569219381653056
0.
5.196152422706632
0.
0.
0.
0.
0.
0.
0.
0.
36.
0.
-18.
0.
1.
0.
0.
0.
0.
0.
0.
0.
0.
20.12461179749811
0.
-4.47213595499958
0.
0.
0.
0.
0.
0.
0.
0.
0.
0.
7.416198487095663
0.
0.
0.
0.
0.
-12.84523257866513
0.
0.
0.
0.
0.
0.
0.
0.
0.
0.
11.618950038622252
0.
-30.983866769659336
0.
0.
0.
0.
0.
0.
0.
0.
-5.196152422706632
0.
41.569219381653056
0.
-48.49742261192856
0.
0.
0.
0.
0.
0.
1.
0.
-24.
0.
84.
0.
-56.
0.
0.
0.
0.
0.
0.
5.656854249492381
0.
-59.396969619669996
0.
118.79393923933999
0.
-49.49747468305833
0.
0.
0.
0.
0.
0.
16.73320053068151
0.
-100.39920318408906
0.
125.49900398011134
0.
-33.46640106136302
0.
0.
0.
0.
0.
0.
33.46640106136302
0.
-125.49900398011134
0.
100.39920318408906
0.
-16.73320053068151
0.
0.
0.
0.
0.
0.
49.49747468305833
0.
-118.79393923933999
0.
59.396969619669996
0.
-5.656854249492381
0.
0.
0.
0.
0.
0.
56.
0.
-84.
0.
24.
0.
-1.
0.
0.
0.
0.
0.
0.
48.49742261192856
0.
-41.569219381653056
0.
5.196152422706632
0.
0.
0.
0.
0.
0.
0.
0.
30.983866769659336
0.
-11.618950038622252
0.
0.
0.
0.
0.
0.
0.
0.
0.
0.
12.84523257866513
0.
0.
0.
0.
0.
0.
0.
18.16590212458495
0.
0.
0.
0.
0.
0.
0.
0.
0.
0.
-21.908902300206645
0.
38.34057902536163
0.
0.
0.
0.
0.
0.
0.
0.
14.696938456699067
0.
-68.58571279792898
0.
51.43928459844673
0.
0.
0.
0.
0.
0.
-5.656854249492381
0.
59.396969619669996
0.
-118.79393923933999
0.
49.49747468305833
0.
0.
0.
0.
1.
0.
-28.
0.
126.
0.
-140.
0.
35.
0.
0.
0.
0.
5.916079783099616
0.
-70.9929573971954
0.
177.48239349298848
0.
-118.32159566199232
0.
17.74823934929885
0.
0.
0.
0.
17.74823934929885
0.
-118.32159566199232
0.
177.48239349298848
0.
-70.9929573971954
0.
5.916079783099616
0.
0.
0.
0.
35.
0.
-140.
0.
126.
0.
-28.
0.
1.
0.
0.
0.
0.
49.49747468305833
0.
-118.79393923933999
0.
59.396969619669996
0.
-5.656854249492381
0.
0.
0.
0.
0.
0.
51.43928459844673
0.
-68.58571279792898
0.
14.696938456699067
0.
0.
0.
0.
0.
0.
0.
0.
38.34057902536163
0.
-21.908902300206645
0.
0.
0.
0.
0.
0.
0.
0.
0.
0.
18.16590212458495
0.
0.
0.
0.
0.
0.
0.
0.
0.
-21.494185260204677
0.
0.
0.
0.
0.
0.
0.
0.
0.
0.
32.4037034920393
0.
-38.88444419044716
0.
0.
0.
0.
0.
0.
0.
0.
-28.982753492378876
0.
86.94826047713663
0.
-43.474130238568314
0.
0.
0.
0.
0.
0.
16.73320053068151
0.
-100.39920318408906
0.
125.49900398011134
0.
-33.46640106136302
0.
0.
0.
0.
-5.916079783099616
0.
70.9929573971954
0.
-177.48239349298848
0.
118.32159566199232
0.
-17.74823934929885
0.
0.
1.
0.
-30.
0.
150.
0.
-200.
0.
75.
0.
-6.
0.
0.
6.
0.
-75.
0.
200.
0.
-150.
0.
30.
0.
-1.
0.
0.
17.74823934929885
0.
-118.32159566199232
0.
177.48239349298848
0.
-70.9929573971954
0.
5.916079783099616
0.
0.
0.
0.
33.46640106136302
0.
-125.49900398011134
0.
100.39920318408906
0.
-16.73320053068151
0.
0.
0.
0.
0.
0.
43.474130238568314
0.
-86.94826047713663
0.
28.982753492378876
0.
0.
0.
0.
0.
0.
0.
0.
38.88444419044716
0.
-32.4037034920393
0.
0.
0.
0.
0.
0.
0.
0.
0.
0.
21.494185260204677
0.
0.
0.
0.
0.
0.
0.
0.
0.
0.
0.
21.494185260204677
0.
0.
0.
0.
0.
0.
0.
0.
0.
0.
-38.88444419044716
0.
32.4037034920393
0.
0.
0.
0.
0.
0.
0.
0.
43.474130238568314
0.
-86.94826047713663
0.
28.982753492378876
0.
0.
0.
0.
0.
0.
-33.46640106136302
0.
125.49900398011134
0.
-100.39920318408906
0.
16.73320053068151
0.
0.
0.
0.
17.74823934929885
0.
-118.32159566199232
0.
177.48239349298848
0.
-70.9929573971954
0.
5.916079783099616
0.
0.
-6.
0.
75.
0.
-200.
0.
150.
0.
-30.
0.
1.
1.
0.
-30.
0.
150.
0.
-200.
0.
75.
0.
-6.
0.
0.
5.916079783099616
0.
-70.9929573971954
0.
177.48239349298848
0.
-118.32159566199232
0.
17.74823934929885
0.
0.
0.
0.
16.73320053068151
0.
-100.39920318408906
0.
125.49900398011134
0.
-33.46640106136302
0.
0.
0.
0.
0.
0.
28.982753492378876
0.
-86.94826047713663
0.
43.474130238568314
0.
0.
0.
0.
0.
0.
0.
0.
32.4037034920393
0.
-38.88444419044716
0.
0.
0.
0.
0.
0.
0.
0.
0.
0.
21.494185260204677
0.
0.
0.
0.
0.
0.
0.
0.
0.
0.
0.
0.
0.
-18.16590212458495
0.
0.
0.
0.
0.
0.
0.
0.
0.
0.
38.34057902536163
0.
-21.908902300206645
0.
0.
0.
0.
0.
0.
0.
0.
-51.43928459844673
0.
68.58571279792898
0.
-14.696938456699067
0.
0.
0.
0.
0.
0.
49.49747468305833
0.
-118.79393923933999
0.
59.396969619669996
0.
-5.656854249492381
0.
0.
0.
0.
-35.
0.
140.
0.
-126.
0.
28.
0.
-1.
0.
0.
17.74823934929885
0.
-118.32159566199232
0.
177.48239349298848
0.
-70.9929573971954
0.
5.916079783099616
0.
0.
-5.916079783099616
0.
70.9929573971954
0.
-177.48239349298848
0.
118.32159566199232
0.
-17.74823934929885
0.
0.
1.
0.
-28.
0.
126.
0.
-140.
0.
35.
0.
0.
0.
0.
5.656854249492381
0.
-59.396969619669996
0.
118.79393923933999
0.
-49.49747468305833
0.
0.
0.
0.
0.
0.
14.696938456699067
0.
-68.58571279792898
0.
51.43928459844673
0.
0.
0.
0.
0.
0.
0.
0.
21.908902300206645
0.
-38.34057902536163
0.
0.
0.
0.
0.
0.
0.
0.
0.
0.
18.16590212458495
0.
0.
0.
0.
0.
0.
0.
0.
0.
0.
0.
0.
0.
0.
0.
12.84523257866513
0.
0.
0.
0.
0.
0.
0.
0.
0.
0.
-30.983866769659336
0.
11.618950038622252
0.
0.
0.
0.
0.
0.
0.
0.
48.49742261192856
0.
-41.569219381653056
0.
5.196152422706632
0.
0.
0.
0.
0.
0.
-56.
0.
84.
0.
-24.
0.
1.
0.
0.
0.
0.
49.49747468305833
0.
-118.79393923933999
0.
59.396969619669996
0.
-5.656854249492381
0.
0.
0.
0.
-33.46640106136302
0.
125.49900398011134
0.
-100.39920318408906
0.
16.73320053068151
0.
0.
0.
0.
16.73320053068151
0.
-100.39920318408906
0.
125.49900398011134
0.
-33.46640106136302
0.
0.
0.
0.
-5.656854249492381
0.
59.396969619669996
0.
-118.79393923933999
0.
49.49747468305833
0.
0.
0.
0.
1.
0.
-24.
0.
84.
0.
-56.
0.
0.
0.
0.
0.
0.
5.196152422706632
0.
-41.569219381653056
0.
48.49742261192856
0.
0.
0.
0.
0.
0.
0.
0.
11.618950038622252
0.
-30.983866769659336
0.
0.
0.
0.
0.
0.
0.
0.
0.
0.
12.84523257866513
0.
0.
0.
0.
0.
0.
0.
0.
0.
0.
0.
0.
0.
0.
0.
0.
0.
-7.416198487095663
0.
0.
0.
0.
0.
0.
0.
0.
0.
0.
20.12461179749811
0.
-4.47213595499958
0.
0.
0.
0.
0.
0.
0.
0.
-36.
0.
18.
0.
-1.
0.
0.
0.
0.
0.
0.
48.49742261192856
0.
-41.569219381653056
0.
5.196152422706632
0.
0.
0.
0.
0.
0.
-51.43928459844673
0.
68.58571279792898
0.
-14.696938456699067
0.
0.
0.
0.
0.
0.
43.474130238568314
0.
-86.94826047713663
0.
28.982753492378876
0.
0.
0.
0.
0.
0.
-28.982753492378876
0.
86.94826047713663
0.
-43.474130238568314
0.
0.
0.
0.
0.
0.
14.696938456699067
0.
-68.58571279792898
0.
51.43928459844673
0.
0.
0.
0.
0.
0.
-5.196152422706632
0.
41.569219381653056
0.
-48.49742261192856
0.
0.
0.
0.
0.
0.
1.
0.
-18.
0.
36.
0.
0.
0.
0.
0.
0.
0.
0.
4.47213595499958
0.
-20.12461179749811
0.
0.
0.
0.
0.
0.
0.
0.
0.
0.
7.416198487095663
0.
0.
0.
0.
0.
0.
0.
0.
0.
0.
0.
0.
0.
0.
0.
0.
0.
0.
0.
3.3166247903554
0.
0.
0.
0.
0.
0.
0.
0.
0.
0.
-10.
0.
1.
0.
0.
0.
0.
0.
0.
0.
0.
20.12461179749811
0.
-4.47213595499958
0.
0.
0.
0.
0.
0.
0.
0.
-30.983866769659336
0.
11.618950038622252
0.
0.
0.
0.
0.
0.
0.
0.
38.34057902536163
0.
-21.908902300206645
0.
0.
0.
0.
0.
0.
0.
0.
-38.88444419044716
0.
32.4037034920393
0.
0.
0.
0.
0.
0.
0.
0.
32.4037034920393
0.
-38.88444419044716
0.
0.
0.
0.
0.
0.
0.
0.
-21.908902300206645
0.
38.34057902536163
0.
0.
0.
0.
0.
0.
0.
0.
11.618950038622252
0.
-30.983866769659336
0.
0.
0.
0.
0.
0.
0.
0.
-4.47213595499958
0.
20.12461179749811
0.
0.
0.
0.
0.
0.
0.
0.
1.
0.
-10.
0.
0.
0.
0.
0.
0.
0.
0.
0.
0.
3.3166247903554
0.
0.
0.
0.
0.
0.
0.
0.
0.
0.
0.
0.
0.
0.
0.
0.
0.
0.
0.
0.
0.
-1.
0.
0.
0.
0.
0.
0.
0.
0.
0.
0.
3.3166247903554
0.
0.
0.
0.
0.
0.
0.
0.
0.
0.
-7.416198487095663
0.
0.
0.
0.
0.
0.
0.
0.
0.
0.
12.84523257866513
0.
0.
0.
0.
0.
0.
0.
0.
0.
0.
-18.16590212458495
0.
0.
0.
0.
0.
0.
0.
0.
0.
0.
21.494185260204677
0.
0.
0.
0.
0.
0.
0.
0.
0.
0.
-21.494185260204677
0.
0.
0.
0.
0.
0.
0.
0.
0.
0.
18.16590212458495
0.
0.
0.
0.
0.
0.
0.
0.
0.
0.
-12.84523257866513
0.
0.
0.
0.
0.
0.
0.
0.
0.
0.
7.416198487095663
0.
0.
0.
0.
0.
0.
0.
0.
0.
0.
-3.3166247903554
0.
0.
0.
0.
0.
0.
0.
0.
0.
0.
1.
0.
0.
0.
0.
0.
0.
0.
0.
0.
0.
0.