0.
0.
0.
0.
0.
-6.
0.
0.
0.
0.
0.
-12.24744871391589
0.
2.449489742783178
0.
0.
0.
-15.491933384829668
0.
7.745966692414834
0.
0.
0.
-13.416407864998739
0.
13.416407864998739
0.
0.
0.
-7.745966692414834
0.
15.491933384829668
0.
0.
0.
-2.449489742783178
0.
12.24744871391589
0.
0.
0.
0.
0.
6.
0.
0.
0.
0.
0.
0.
0.
0.
0.
12.24744871391589
0.
-2.449489742783178
0.
0.
0.
20.
0.
-16.
0.
0.
0.
18.973665961010276
0.
-34.785054261852174
0.
3.1622776601683795
0.
10.954451150103322
0.
-43.81780460041329
0.
10.954451150103322
0.
3.1622776601683795
0.
-34.785054261852174
0.
18.973665961010276
0.
0.
0.
-16.
0.
20.
0.
0.
0.
-2.449489742783178
0.
12.24744871391589
0.
0.
0.
0.
0.
0.
0.
-15.491933384829668
0.
7.745966692414834
0.
0.
0.
-18.973665961010276
0.
34.785054261852174
0.
-3.1622776601683795
0.
-12.
0.
56.
0.
-22.
0.
-3.4641016151377544
0.
48.49742261192856
0.
-48.49742261192856
0.
3.4641016151377544
0.
22.
0.
-56.
0.
12.
0.
3.1622776601683795
0.
-34.785054261852174
0.
18.973665961010276
0.
0.
0.
-7.745966692414834
0.
15.491933384829668
0.
0.
0.
0.
0.
13.416407864998739
0.
-13.416407864998739
0.
0.
0.
10.954451150103322
0.
-43.81780460041329
0.
10.954451150103322
0.
3.4641016151377544
0.
-48.49742261192856
0.
48.49742261192856
0.
-3.4641016151377544
0.
-24.
0.
72.
0.
-24.
0.
-3.4641016151377544
0.
48.49742261192856
0.
-48.49742261192856
0.
3.4641016151377544
0.
10.954451150103322
0.
-43.81780460041329
0.
10.954451150103322
0.
0.
0.
-13.416407864998739
0.
13.416407864998739
0.
0.
0.
-7.745966692414834
0.
15.491933384829668
0.
0.
0.
-3.1622776601683795
0.
34.785054261852174
0.
-18.973665961010276
0.
0.
0.
22.
0.
-56.
0.
12.
0.
3.4641016151377544
0.
-48.49742261192856
0.
48.49742261192856
0.
-3.4641016151377544
0.
-12.
0.
56.
0.
-22.
0.
0.
0.
18.973665961010276
0.
-34.785054261852174
0.
3.1622776601683795
0.
0.
0.
-15.491933384829668
0.
7.745966692414834
0.
2.449489742783178
0.
-12.24744871391589
0.
0.
0.
0.
0.
-16.
0.
20.
0.
0.
0.
-3.1622776601683795
0.
34.785054261852174
0.
-18.973665961010276
0.
0.
0.
10.954451150103322
0.
-43.81780460041329
0.
10.954451150103322
0.
0.
0.
-18.973665961010276
0.
34.785054261852174
0.
-3.1622776601683795
0.
0.
0.
20.
0.
-16.
0.
0.
0.
0.
0.
-12.24744871391589
0.
2.449489742783178
0.
6.
0.
0.
0.
0.
0.
2.449489742783178
0.
-12.24744871391589
0.
0.
0.
0.
0.
-7.745966692414834
0.
15.491933384829668
0.
0.
0.
0.
0.
13.416407864998739
0.
-13.416407864998739
0.
0.
0.
0.
0.
-15.491933384829668
0.
7.745966692414834
0.
0.
0.
0.
0.
12.24744871391589
0.
-2.449489742783178
0.
0.
0.
0.
0.
-6.
0.