0.
0.
0.
0.
0.
0.
0.
-8.
0.
0.
0.
0.
0.
0.
0.
-19.79898987322333
0.
2.8284271247461903
0.
0.
0.
0.
0.
-31.74901573277509
0.
10.583005244258363
0.
0.
0.
0.
0.
-37.416573867739416
0.
22.44994432064365
0.
0.
0.
0.
0.
-33.46640106136302
0.
33.46640106136302
0.
0.
0.
0.
0.
-22.44994432064365
0.
37.416573867739416
0.
0.
0.
0.
0.
-10.583005244258363
0.
31.74901573277509
0.
0.
0.
0.
0.
-2.8284271247461903
0.
19.79898987322333
0.
0.
0.
0.
0.
0.
0.
8.
0.
0.
0.
0.
0.
0.
0.
0.
0.
0.
0.
0.
0.
19.79898987322333
0.
-2.8284271247461903
0.
0.
0.
0.
0.
42.
0.
-22.
0.
0.
0.
0.
0.
56.12486080160912
0.
-59.86651818838306
0.
3.7416573867739413
0.
0.
0.
52.91502622129181
0.
-100.53854982045445
0.
15.874507866387544
0.
0.
0.
35.4964786985977
0.
-118.32159566199232
0.
35.4964786985977
0.
0.
0.
15.874507866387544
0.
-100.53854982045445
0.
52.91502622129181
0.
0.
0.
3.7416573867739413
0.
-59.86651818838306
0.
56.12486080160912
0.
0.
0.
0.
0.
-22.
0.
42.
0.
0.
0.
0.
0.
-2.8284271247461903
0.
19.79898987322333
0.
0.
0.
0.
0.
0.
0.
0.
0.
0.
0.
-31.74901573277509
0.
10.583005244258363
0.
0.
0.
0.
0.
-56.12486080160912
0.
59.86651818838306
0.
-3.7416573867739413
0.
0.
0.
-60.
0.
132.
0.
-32.
0.
0.
0.
-42.42640687119285
0.
176.7766952966369
0.
-93.33809511662427
0.
4.242640687119286
0.
-18.973665961010276
0.
158.11388300841898
0.
-158.11388300841898
0.
18.973665961010276
0.
-4.242640687119286
0.
93.33809511662427
0.
-176.7766952966369
0.
42.42640687119285
0.
0.
0.
32.
0.
-132.
0.
60.
0.
0.
0.
3.7416573867739413
0.
-59.86651818838306
0.
56.12486080160912
0.
0.
0.
0.
0.
-10.583005244258363
0.
31.74901573277509
0.
0.
0.
0.
0.
0.
0.
0.
0.
37.416573867739416
0.
-22.44994432064365
0.
0.
0.
0.
0.
52.91502622129181
0.
-100.53854982045445
0.
15.874507866387544
0.
0.
0.
42.42640687119285
0.
-176.7766952966369
0.
93.33809511662427
0.
-4.242640687119286
0.
20.
0.
-180.
0.
210.
0.
-38.
0.
4.47213595499958
0.
-111.80339887498948
0.
268.3281572999748
0.
-111.80339887498948
0.
4.47213595499958
0.
-38.
0.
210.
0.
-180.
0.
20.
0.
-4.242640687119286
0.
93.33809511662427
0.
-176.7766952966369
0.
42.42640687119285
0.
0.
0.
15.874507866387544
0.
-100.53854982045445
0.
52.91502622129181
0.
0.
0.
0.
0.
-22.44994432064365
0.
37.416573867739416
0.
0.
0.
0.
0.
0.
0.
-33.46640106136302
0.
33.46640106136302
0.
0.
0.
0.
0.
-35.4964786985977
0.
118.32159566199232
0.
-35.4964786985977
0.
0.
0.
-18.973665961010276
0.
158.11388300841898
0.
-158.11388300841898
0.
18.973665961010276
0.
-4.47213595499958
0.
111.80339887498948
0.
-268.3281572999748
0.
111.80339887498948
0.
-4.47213595499958
0.
40.
0.
-240.
0.
240.
0.
-40.
0.
4.47213595499958
0.
-111.80339887498948
0.
268.3281572999748
0.
-111.80339887498948
0.
4.47213595499958
0.
-18.973665961010276
0.
158.11388300841898
0.
-158.11388300841898
0.
18.973665961010276
0.
0.
0.
35.4964786985977
0.
-118.32159566199232
0.
35.4964786985977
0.
0.
0.
0.
0.
-33.46640106136302
0.
33.46640106136302
0.
0.
0.
0.
0.
22.44994432064365
0.
-37.416573867739416
0.
0.
0.
0.
0.
15.874507866387544
0.
-100.53854982045445
0.
52.91502622129181
0.
0.
0.
4.242640687119286
0.
-93.33809511662427
0.
176.7766952966369
0.
-42.42640687119285
0.
0.
0.
-38.
0.
210.
0.
-180.
0.
20.
0.
-4.47213595499958
0.
111.80339887498948
0.
-268.3281572999748
0.
111.80339887498948
0.
-4.47213595499958
0.
20.
0.
-180.
0.
210.
0.
-38.
0.
0.
0.
-42.42640687119285
0.
176.7766952966369
0.
-93.33809511662427
0.
4.242640687119286
0.
0.
0.
52.91502622129181
0.
-100.53854982045445
0.
15.874507866387544
0.
0.
0.
0.
0.
-37.416573867739416
0.
22.44994432064365
0.
0.
0.
-10.583005244258363
0.
31.74901573277509
0.
0.
0.
0.
0.
-3.7416573867739413
0.
59.86651818838306
0.
-56.12486080160912
0.
0.
0.
0.
0.
32.
0.
-132.
0.
60.
0.
0.
0.
4.242640687119286
0.
-93.33809511662427
0.
176.7766952966369
0.
-42.42640687119285
0.
0.
0.
-18.973665961010276
0.
158.11388300841898
0.
-158.11388300841898
0.
18.973665961010276
0.
0.
0.
42.42640687119285
0.
-176.7766952966369
0.
93.33809511662427
0.
-4.242640687119286
0.
0.
0.
-60.
0.
132.
0.
-32.
0.
0.
0.
0.
0.
56.12486080160912
0.
-59.86651818838306
0.
3.7416573867739413
0.
0.
0.
0.
0.
-31.74901573277509
0.
10.583005244258363
0.
2.8284271247461903
0.
-19.79898987322333
0.
0.
0.
0.
0.
0.
0.
-22.
0.
42.
0.
0.
0.
0.
0.
-3.7416573867739413
0.
59.86651818838306
0.
-56.12486080160912
0.
0.
0.
0.
0.
15.874507866387544
0.
-100.53854982045445
0.
52.91502622129181
0.
0.
0.
0.
0.
-35.4964786985977
0.
118.32159566199232
0.
-35.4964786985977
0.
0.
0.
0.
0.
52.91502622129181
0.
-100.53854982045445
0.
15.874507866387544
0.
0.
0.
0.
0.
-56.12486080160912
0.
59.86651818838306
0.
-3.7416573867739413
0.
0.
0.
0.
0.
42.
0.
-22.
0.
0.
0.
0.
0.
0.
0.
-19.79898987322333
0.
2.8284271247461903
0.
8.
0.
0.
0.
0.
0.
0.
0.
2.8284271247461903
0.
-19.79898987322333
0.
0.
0.
0.
0.
0.
0.
-10.583005244258363
0.
31.74901573277509
0.
0.
0.
0.
0.
0.
0.
22.44994432064365
0.
-37.416573867739416
0.
0.
0.
0.
0.
0.
0.
-33.46640106136302
0.
33.46640106136302
0.
0.
0.
0.
0.
0.
0.
37.416573867739416
0.
-22.44994432064365
0.
0.
0.
0.
0.
0.
0.
-31.74901573277509
0.
10.583005244258363
0.
0.
0.
0.
0.
0.
0.
19.79898987322333
0.
-2.8284271247461903
0.
0.
0.
0.
0.
0.
0.
-8.
0.