0.
0.
0.
0.
-5.
0.
0.
0.
0.
-8.94427190999916
0.
2.23606797749979
0.
0.
-9.486832980505138
0.
6.324555320336759
0.
0.
-6.324555320336759
0.
9.486832980505138
0.
0.
-2.23606797749979
0.
8.94427190999916
0.
0.
0.
0.
5.
0.
0.
0.
0.
0.
0.
0.
8.94427190999916
0.
-2.23606797749979
0.
0.
12.
0.
-13.
0.
0.
8.485281374238571
0.
-24.041630560342618
0.
2.8284271247461903
2.8284271247461903
0.
-24.041630560342618
0.
8.485281374238571
0.
0.
-13.
0.
12.
0.
0.
-2.23606797749979
0.
8.94427190999916
0.
0.
0.
0.
0.
-9.486832980505138
0.
6.324555320336759
0.
0.
-8.485281374238571
0.
24.041630560342618
0.
-2.8284271247461903
-3.
0.
30.
0.
-17.
0.
0.
17.
0.
-30.
0.
3.
2.8284271247461903
0.
-24.041630560342618
0.
8.485281374238571
0.
0.
-6.324555320336759
0.
9.486832980505138
0.
0.
0.
6.324555320336759
0.
-9.486832980505138
0.
0.
2.8284271247461903
0.
-24.041630560342618
0.
8.485281374238571
0.
0.
-17.
0.
30.
0.
-3.
-3.
0.
30.
0.
-17.
0.
0.
8.485281374238571
0.
-24.041630560342618
0.
2.8284271247461903
0.
0.
-9.486832980505138
0.
6.324555320336759
0.
-2.23606797749979
0.
8.94427190999916
0.
0.
0.
0.
13.
0.
-12.
0.
0.
2.8284271247461903
0.
-24.041630560342618
0.
8.485281374238571
0.
0.
-8.485281374238571
0.
24.041630560342618
0.
-2.8284271247461903
0.
0.
12.
0.
-13.
0.
0.
0.
0.
-8.94427190999916
0.
2.23606797749979
0.
-5.
0.
0.
0.
0.
-2.23606797749979
0.
8.94427190999916
0.
0.
0.
0.
6.324555320336759
0.
-9.486832980505138
0.
0.
0.
0.
-9.486832980505138
0.
6.324555320336759
0.
0.
0.
0.
8.94427190999916
0.
-2.23606797749979
0.
0.
0.
0.
-5.
0.