1.
0.
0.
0.
0.
0.
0.
0.
0.
0.
0.
0.
0.
0.
0.
0.
3.7416573867739413
0.
0.
0.
0.
0.
0.
0.
0.
0.
0.
0.
0.
0.
0.
0.
9.539392014169456
0.
0.
0.
0.
0.
0.
0.
0.
0.
0.
0.
0.
0.
0.
0.
19.078784028338912
0.
0.
0.
0.
0.
0.
0.
0.
0.
0.
0.
0.
0.
0.
0.
31.63858403911275
0.
0.
0.
0.
0.
0.
0.
0.
0.
0.
0.
0.
0.
0.
0.
44.74371464239419
0.
0.
0.
0.
0.
0.
0.
0.
0.
0.
0.
0.
0.
0.
0.
54.79963503528103
0.
0.
0.
0.
0.
0.
0.
0.
0.
0.
0.
0.
0.
0.
0.
58.58327406350724
0.
0.
0.
0.
0.
0.
0.
0.
0.
0.
0.
0.
0.
0.
0.
54.79963503528103
0.
0.
0.
0.
0.
0.
0.
0.
0.
0.
0.
0.
0.
0.
0.
44.74371464239419
0.
0.
0.
0.
0.
0.
0.
0.
0.
0.
0.
0.
0.
0.
0.
31.63858403911275
0.
0.
0.
0.
0.
0.
0.
0.
0.
0.
0.
0.
0.
0.
0.
19.078784028338912
0.
0.
0.
0.
0.
0.
0.
0.
0.
0.
0.
0.
0.
0.
0.
9.539392014169456
0.
0.
0.
0.
0.
0.
0.
0.
0.
0.
0.
0.
0.
0.
0.
3.7416573867739413
0.
0.
0.
0.
0.
0.
0.
0.
0.
0.
0.
0.
0.
0.
0.
1.
0.
-3.7416573867739413
0.
0.
0.
0.
0.
0.
0.
0.
0.
0.
0.
0.
0.
1.
0.
-13.
0.
0.
0.
0.
0.
0.
0.
0.
0.
0.
0.
0.
0.
5.0990195135927845
0.
-30.594117081556707
0.
0.
0.
0.
0.
0.
0.
0.
0.
0.
0.
0.
0.
15.297058540778353
0.
-56.08921464952063
0.
0.
0.
0.
0.
0.
0.
0.
0.
0.
0.
0.
0.
33.823069050575526
0.
-84.55767262643882
0.
0.
0.
0.
0.
0.
0.
0.
0.
0.
0.
0.
0.
59.79130371550699
0.
-107.62434668791258
0.
0.
0.
0.
0.
0.
0.
0.
0.
0.
0.
0.
0.
87.87491109526086
0.
-117.16654812701448
0.
0.
0.
0.
0.
0.
0.
0.
0.
0.
0.
0.
0.
109.59927007056206
0.
-109.59927007056206
0.
0.
0.
0.
0.
0.
0.
0.
0.
0.
0.
0.
0.
117.16654812701448
0.
-87.87491109526086
0.
0.
0.
0.
0.
0.
0.
0.
0.
0.
0.
0.
0.
107.62434668791258
0.
-59.79130371550699
0.
0.
0.
0.
0.
0.
0.
0.
0.
0.
0.
0.
0.
84.55767262643882
0.
-33.823069050575526
0.
0.
0.
0.
0.
0.
0.
0.
0.
0.
0.
0.
0.
56.08921464952063
0.
-15.297058540778353
0.
0.
0.
0.
0.
0.
0.
0.
0.
0.
0.
0.
0.
30.594117081556707
0.
-5.0990195135927845
0.
0.
0.
0.
0.
0.
0.
0.
0.
0.
0.
0.
0.
13.
0.
-1.
0.
0.
0.
0.
0.
0.
0.
0.
0.
0.
0.
0.
0.
3.7416573867739413
0.
0.
0.
9.539392014169456
0.
0.
0.
0.
0.
0.
0.
0.
0.
0.
0.
0.
0.
-5.0990195135927845
0.
30.594117081556707
0.
0.
0.
0.
0.
0.
0.
0.
0.
0.
0.
1.
0.
-24.
0.
66.
0.
0.
0.
0.
0.
0.
0.
0.
0.
0.
0.
6.
0.
-66.
0.
110.
0.
0.
0.
0.
0.
0.
0.
0.
0.
0.
0.
19.8997487421324
0.
-132.66499161421598
0.
149.248115565993
0.
0.
0.
0.
0.
0.
0.
0.
0.
0.
0.
46.9041575982343
0.
-211.06870919205434
0.
168.85496735364347
0.
0.
0.
0.
0.
0.
0.
0.
0.
0.
0.
86.16843969807043
0.
-275.7390070338254
0.
160.8477541030648
0.
0.
0.
0.
0.
0.
0.
0.
0.
0.
0.
128.96511156122807
0.
-300.91859364286546
0.
128.96511156122807
0.
0.
0.
0.
0.
0.
0.
0.
0.
0.
0.
160.8477541030648
0.
-275.7390070338254
0.
86.16843969807043
0.
0.
0.
0.
0.
0.
0.
0.
0.
0.
0.
168.85496735364347
0.
-211.06870919205434
0.
46.9041575982343
0.
0.
0.
0.
0.
0.
0.
0.
0.
0.
0.
149.248115565993
0.
-132.66499161421598
0.
19.8997487421324
0.
0.
0.
0.
0.
0.
0.
0.
0.
0.
0.
110.
0.
-66.
0.
6.
0.
0.
0.
0.
0.
0.
0.
0.
0.
0.
0.
66.
0.
-24.
0.
1.
0.
0.
0.
0.
0.
0.
0.
0.
0.
0.
0.
30.594117081556707
0.
-5.0990195135927845
0.
0.
0.
0.
0.
0.
0.
0.
0.
0.
0.
0.
0.
9.539392014169456
0.
0.
0.
0.
0.
-19.078784028338912
0.
0.
0.
0.
0.
0.
0.
0.
0.
0.
0.
0.
0.
15.297058540778353
0.
-56.08921464952063
0.
0.
0.
0.
0.
0.
0.
0.
0.
0.
0.
-6.
0.
66.
0.
-110.
0.
0.
0.
0.
0.
0.
0.
0.
0.
1.
0.
-33.
0.
165.
0.
-165.
0.
0.
0.
0.
0.
0.
0.
0.
0.
6.6332495807108
0.
-99.498743710662
0.
298.496231131986
0.
-198.997487421324
0.
0.
0.
0.
0.
0.
0.
0.
0.
23.45207879911715
0.
-211.06870919205434
0.
422.1374183841087
0.
-196.99746191258404
0.
0.
0.
0.
0.
0.
0.
0.
0.
57.445626465380286
0.
-344.6737587922817
0.
482.5432623091944
0.
-160.8477541030648
0.
0.
0.
0.
0.
0.
0.
0.
0.
107.47092630102338
0.
-451.3778904642982
0.
451.3778904642982
0.
-107.47092630102338
0.
0.
0.
0.
0.
0.
0.
0.
0.
160.8477541030648
0.
-482.5432623091944
0.
344.6737587922817
0.
-57.445626465380286
0.
0.
0.
0.
0.
0.
0.
0.
0.
196.99746191258404
0.
-422.1374183841087
0.
211.06870919205434
0.
-23.45207879911715
0.
0.
0.
0.
0.
0.
0.
0.
0.
198.997487421324
0.
-298.496231131986
0.
99.498743710662
0.
-6.6332495807108
0.
0.
0.
0.
0.
0.
0.
0.
0.
165.
0.
-165.
0.
33.
0.
-1.
0.
0.
0.
0.
0.
0.
0.
0.
0.
110.
0.
-66.
0.
6.
0.
0.
0.
0.
0.
0.
0.
0.
0.
0.
0.
56.08921464952063
0.
-15.297058540778353
0.
0.
0.
0.
0.
0.
0.
0.
0.
0.
0.
0.
0.
19.078784028338912
0.
0.
0.
0.
0.
0.
0.
31.63858403911275
0.
0.
0.
0.
0.
0.
0.
0.
0.
0.
0.
0.
0.
-33.823069050575526
0.
84.55767262643882
0.
0.
0.
0.
0.
0.
0.
0.
0.
0.
0.
19.8997487421324
0.
-132.66499161421598
0.
149.248115565993
0.
0.
0.
0.
0.
0.
0.
0.
0.
-6.6332495807108
0.
99.498743710662
0.
-298.496231131986
0.
198.997487421324
0.
0.
0.
0.
0.
0.
0.
1.
0.
-40.
0.
270.
0.
-480.
0.
210.
0.
0.
0.
0.
0.
0.
0.
7.0710678118654755
0.
-127.27922061357856
0.
509.11688245431424
0.
-593.9696961966999
0.
178.19090885901
0.
0.
0.
0.
0.
0.
0.
25.980762113533157
0.
-277.12812921102034
0.
727.4613391789284
0.
-581.9690713431428
0.
121.2435565298214
0.
0.
0.
0.
0.
0.
0.
64.8074069840786
0.
-453.6518488885502
0.
816.5733279993904
0.
-453.6518488885502
0.
64.8074069840786
0.
0.
0.
0.
0.
0.
0.
121.2435565298214
0.
-581.9690713431428
0.
727.4613391789284
0.
-277.12812921102034
0.
25.980762113533157
0.
0.
0.
0.
0.
0.
0.
178.19090885901
0.
-593.9696961966999
0.
509.11688245431424
0.
-127.27922061357856
0.
7.0710678118654755
0.
0.
0.
0.
0.
0.
0.
210.
0.
-480.
0.
270.
0.
-40.
0.
1.
0.
0.
0.
0.
0.
0.
0.
198.997487421324
0.
-298.496231131986
0.
99.498743710662
0.
-6.6332495807108
0.
0.
0.
0.
0.
0.
0.
0.
0.
149.248115565993
0.
-132.66499161421598
0.
19.8997487421324
0.
0.
0.
0.
0.
0.
0.
0.
0.
0.
0.
84.55767262643882
0.
-33.823069050575526
0.
0.
0.
0.
0.
0.
0.
0.
0.
0.
0.
0.
0.
31.63858403911275
0.
0.
0.
0.
0.
0.
0.
0.
0.
-44.74371464239419
0.
0.
0.
0.
0.
0.
0.
0.
0.
0.
0.
0.
0.
59.79130371550699
0.
-107.62434668791258
0.
0.
0.
0.
0.
0.
0.
0.
0.
0.
0.
-46.9041575982343
0.
211.06870919205434
0.
-168.85496735364347
0.
0.
0.
0.
0.
0.
0.
0.
0.
23.45207879911715
0.
-211.06870919205434
0.
422.1374183841087
0.
-196.99746191258404
0.
0.
0.
0.
0.
0.
0.
-7.0710678118654755
0.
127.27922061357856
0.
-509.11688245431424
0.
593.9696961966999
0.
-178.19090885901
0.
0.
0.
0.
0.
1.
0.
-45.
0.
360.
0.
-840.
0.
630.
0.
-126.
0.
0.
0.
0.
0.
7.348469228349534
0.
-146.96938456699067
0.
685.8571279792898
0.
-1028.7856919689348
0.
514.3928459844674
0.
-68.58571279792898
0.
0.
0.
0.
0.
27.49545416973504
0.
-320.78029864690876
0.
962.3408959407263
0.
-962.3408959407263
0.
320.78029864690876
0.
-27.49545416973504
0.
0.
0.
0.
0.
68.58571279792898
0.
-514.3928459844674
0.
1028.7856919689348
0.
-685.8571279792898
0.
146.96938456699067
0.
-7.348469228349534
0.
0.
0.
0.
0.
126.
0.
-630.
0.
840.
0.
-360.
0.
45.
0.
-1.
0.
0.
0.
0.
0.
178.19090885901
0.
-593.9696961966999
0.
509.11688245431424
0.
-127.27922061357856
0.
7.0710678118654755
0.
0.
0.
0.
0.
0.
0.
196.99746191258404
0.
-422.1374183841087
0.
211.06870919205434
0.
-23.45207879911715
0.
0.
0.
0.
0.
0.
0.
0.
0.
168.85496735364347
0.
-211.06870919205434
0.
46.9041575982343
0.
0.
0.
0.
0.
0.
0.
0.
0.
0.
0.
107.62434668791258
0.
-59.79130371550699
0.
0.
0.
0.
0.
0.
0.
0.
0.
0.
0.
0.
0.
44.74371464239419
0.
0.
0.
0.
0.
0.
0.
0.
0.
0.
0.
54.79963503528103
0.
0.
0.
0.
0.
0.
0.
0.
0.
0.
0.
0.
0.
-87.87491109526086
0.
117.16654812701448
0.
0.
0.
0.
0.
0.
0.
0.
0.
0.
0.
86.16843969807043
0.
-275.7390070338254
0.
160.8477541030648
0.
0.
0.
0.
0.
0.
0.
0.
0.
-57.445626465380286
0.
344.6737587922817
0.
-482.5432623091944
0.
160.8477541030648
0.
0.
0.
0.
0.
0.
0.
25.980762113533157
0.
-277.12812921102034
0.
727.4613391789284
0.
-581.9690713431428
0.
121.2435565298214
0.
0.
0.
0.
0.
-7.348469228349534
0.
146.96938456699067
0.
-685.8571279792898
0.
1028.7856919689348
0.
-514.3928459844674
0.
68.58571279792898
0.
0.
0.
1.
0.
-48.
0.
420.
0.
-1120.
0.
1050.
0.
-336.
0.
28.
0.
0.
0.
7.483314773547883
0.
-157.14961024450554
0.
785.7480512225277
0.
-1309.5800853708795
0.
785.7480512225277
0.
-157.14961024450554
0.
7.483314773547883
0.
0.
0.
28.
0.
-336.
0.
1050.
0.
-1120.
0.
420.
0.
-48.
0.
1.
0.
0.
0.
68.58571279792898
0.
-514.3928459844674
0.
1028.7856919689348
0.
-685.8571279792898
0.
146.96938456699067
0.
-7.348469228349534
0.
0.
0.
0.
0.
121.2435565298214
0.
-581.9690713431428
0.
727.4613391789284
0.
-277.12812921102034
0.
25.980762113533157
0.
0.
0.
0.
0.
0.
0.
160.8477541030648
0.
-482.5432623091944
0.
344.6737587922817
0.
-57.445626465380286
0.
0.
0.
0.
0.
0.
0.
0.
0.
160.8477541030648
0.
-275.7390070338254
0.
86.16843969807043
0.
0.
0.
0.
0.
0.
0.
0.
0.
0.
0.
117.16654812701448
0.
-87.87491109526086
0.
0.
0.
0.
0.
0.
0.
0.
0.
0.
0.
0.
0.
54.79963503528103
0.
0.
0.
0.
0.
0.
0.
0.
0.
0.
0.
0.
0.
-58.58327406350724
0.
0.
0.
0.
0.
0.
0.
0.
0.
0.
0.
0.
0.
109.59927007056206
0.
-109.59927007056206
0.
0.
0.
0.
0.
0.
0.
0.
0.
0.
0.
-128.96511156122807
0.
300.91859364286546
0.
-128.96511156122807
0.
0.
0.
0.
0.
0.
0.
0.
0.
107.47092630102338
0.
-451.3778904642982
0.
451.3778904642982
0.
-107.47092630102338
0.
0.
0.
0.
0.
0.
0.
-64.8074069840786
0.
453.6518488885502
0.
-816.5733279993904
0.
453.6518488885502
0.
-64.8074069840786
0.
0.
0.
0.
0.
27.49545416973504
0.
-320.78029864690876
0.
962.3408959407263
0.
-962.3408959407263
0.
320.78029864690876
0.
-27.49545416973504
0.
0.
0.
-7.483314773547883
0.
157.14961024450554
0.
-785.7480512225277
0.
1309.5800853708795
0.
-785.7480512225277
0.
157.14961024450554
0.
-7.483314773547883
0.
1.
0.
-49.
0.
441.
0.
-1225.
0.
1225.
0.
-441.
0.
49.
0.
-1.
0.
7.483314773547883
0.
-157.14961024450554
0.
785.7480512225277
0.
-1309.5800853708795
0.
785.7480512225277
0.
-157.14961024450554
0.
7.483314773547883
0.
0.
0.
27.49545416973504
0.
-320.78029864690876
0.
962.3408959407263
0.
-962.3408959407263
0.
320.78029864690876
0.
-27.49545416973504
0.
0.
0.
0.
0.
64.8074069840786
0.
-453.6518488885502
0.
816.5733279993904
0.
-453.6518488885502
0.
64.8074069840786
0.
0.
0.
0.
0.
0.
0.
107.47092630102338
0.
-451.3778904642982
0.
451.3778904642982
0.
-107.47092630102338
0.
0.
0.
0.
0.
0.
0.
0.
0.
128.96511156122807
0.
-300.91859364286546
0.
128.96511156122807
0.
0.
0.
0.
0.
0.
0.
0.
0.
0.
0.
109.59927007056206
0.
-109.59927007056206
0.
0.
0.
0.
0.
0.
0.
0.
0.
0.
0.
0.
0.
58.58327406350724
0.
0.
0.
0.
0.
0.
0.
0.
0.
0.
0.
0.
0.
0.
0.
54.79963503528103
0.
0.
0.
0.
0.
0.
0.
0.
0.
0.
0.
0.
0.
-117.16654812701448
0.
87.87491109526086
0.
0.
0.
0.
0.
0.
0.
0.
0.
0.
0.
160.8477541030648
0.
-275.7390070338254
0.
86.16843969807043
0.
0.
0.
0.
0.
0.
0.
0.
0.
-160.8477541030648
0.
482.5432623091944
0.
-344.6737587922817
0.
57.445626465380286
0.
0.
0.
0.
0.
0.
0.
121.2435565298214
0.
-581.9690713431428
0.
727.4613391789284
0.
-277.12812921102034
0.
25.980762113533157
0.
0.
0.
0.
0.
-68.58571279792898
0.
514.3928459844674
0.
-1028.7856919689348
0.
685.8571279792898
0.
-146.96938456699067
0.
7.348469228349534
0.
0.
0.
28.
0.
-336.
0.
1050.
0.
-1120.
0.
420.
0.
-48.
0.
1.
0.
-7.483314773547883
0.
157.14961024450554
0.
-785.7480512225277
0.
1309.5800853708795
0.
-785.7480512225277
0.
157.14961024450554
0.
-7.483314773547883
0.
1.
0.
-48.
0.
420.
0.
-1120.
0.
1050.
0.
-336.
0.
28.
0.
0.
0.
7.348469228349534
0.
-146.96938456699067
0.
685.8571279792898
0.
-1028.7856919689348
0.
514.3928459844674
0.
-68.58571279792898
0.
0.
0.
0.
0.
25.980762113533157
0.
-277.12812921102034
0.
727.4613391789284
0.
-581.9690713431428
0.
121.2435565298214
0.
0.
0.
0.
0.
0.
0.
57.445626465380286
0.
-344.6737587922817
0.
482.5432623091944
0.
-160.8477541030648
0.
0.
0.
0.
0.
0.
0.
0.
0.
86.16843969807043
0.
-275.7390070338254
0.
160.8477541030648
0.
0.
0.
0.
0.
0.
0.
0.
0.
0.
0.
87.87491109526086
0.
-117.16654812701448
0.
0.
0.
0.
0.
0.
0.
0.
0.
0.
0.
0.
0.
54.79963503528103
0.
0.
0.
0.
0.
0.
0.
0.
0.
0.
0.
0.
0.
0.
0.
0.
0.
-44.74371464239419
0.
0.
0.
0.
0.
0.
0.
0.
0.
0.
0.
0.
0.
107.62434668791258
0.
-59.79130371550699
0.
0.
0.
0.
0.
0.
0.
0.
0.
0.
0.
-168.85496735364347
0.
211.06870919205434
0.
-46.9041575982343
0.
0.
0.
0.
0.
0.
0.
0.
0.
196.99746191258404
0.
-422.1374183841087
0.
211.06870919205434
0.
-23.45207879911715
0.
0.
0.
0.
0.
0.
0.
-178.19090885901
0.
593.9696961966999
0.
-509.11688245431424
0.
127.27922061357856
0.
-7.0710678118654755
0.
0.
0.
0.
0.
126.
0.
-630.
0.
840.
0.
-360.
0.
45.
0.
-1.
0.
0.
0.
-68.58571279792898
0.
514.3928459844674
0.
-1028.7856919689348
0.
685.8571279792898
0.
-146.96938456699067
0.
7.348469228349534
0.
0.
0.
27.49545416973504
0.
-320.78029864690876
0.
962.3408959407263
0.
-962.3408959407263
0.
320.78029864690876
0.
-27.49545416973504
0.
0.
0.
-7.348469228349534
0.
146.96938456699067
0.
-685.8571279792898
0.
1028.7856919689348
0.
-514.3928459844674
0.
68.58571279792898
0.
0.
0.
1.
0.
-45.
0.
360.
0.
-840.
0.
630.
0.
-126.
0.
0.
0.
0.
0.
7.0710678118654755
0.
-127.27922061357856
0.
509.11688245431424
0.
-593.9696961966999
0.
178.19090885901
0.
0.
0.
0.
0.
0.
0.
23.45207879911715
0.
-211.06870919205434
0.
422.1374183841087
0.
-196.99746191258404
0.
0.
0.
0.
0.
0.
0.
0.
0.
46.9041575982343
0.
-211.06870919205434
0.
168.85496735364347
0.
0.
0.
0.
0.
0.
0.
0.
0.
0.
0.
59.79130371550699
0.
-107.62434668791258
0.
0.
0.
0.
0.
0.
0.
0.
0.
0.
0.
0.
0.
44.74371464239419
0.
0.
0.
0.
0.
0.
0.
0.
0.
0.
0.
0.
0.
0.
0.
0.
0.
0.
0.
31.63858403911275
0.
0.
0.
0.
0.
0.
0.
0.
0.
0.
0.
0.
0.
-84.55767262643882
0.
33.823069050575526
0.
0.
0.
0.
0.
0.
0.
0.
0.
0.
0.
149.248115565993
0.
-132.66499161421598
0.
19.8997487421324
0.
0.
0.
0.
0.
0.
0.
0.
0.
-198.997487421324
0.
298.496231131986
0.
-99.498743710662
0.
6.6332495807108
0.
0.
0.
0.
0.
0.
0.
210.
0.
-480.
0.
270.
0.
-40.
0.
1.
0.
0.
0.
0.
0.
-178.19090885901
0.
593.9696961966999
0.
-509.11688245431424
0.
127.27922061357856
0.
-7.0710678118654755
0.
0.
0.
0.
0.
121.2435565298214
0.
-581.9690713431428
0.
727.4613391789284
0.
-277.12812921102034
0.
25.980762113533157
0.
0.
0.
0.
0.
-64.8074069840786
0.
453.6518488885502
0.
-816.5733279993904
0.
453.6518488885502
0.
-64.8074069840786
0.
0.
0.
0.
0.
25.980762113533157
0.
-277.12812921102034
0.
727.4613391789284
0.
-581.9690713431428
0.
121.2435565298214
0.
0.
0.
0.
0.
-7.0710678118654755
0.
127.27922061357856
0.
-509.11688245431424
0.
593.9696961966999
0.
-178.19090885901
0.
0.
0.
0.
0.
1.
0.
-40.
0.
270.
0.
-480.
0.
210.
0.
0.
0.
0.
0.
0.
0.
6.6332495807108
0.
-99.498743710662
0.
298.496231131986
0.
-198.997487421324
0.
0.
0.
0.
0.
0.
0.
0.
0.
19.8997487421324
0.
-132.66499161421598
0.
149.248115565993
0.
0.
0.
0.
0.
0.
0.
0.
0.
0.
0.
33.823069050575526
0.
-84.55767262643882
0.
0.
0.
0.
0.
0.
0.
0.
0.
0.
0.
0.
0.
31.63858403911275
0.
0.
0.
0.
0.
0.
0.
0.
0.
0.
0.
0.
0.
0.
0.
0.
0.
0.
0.
0.
0.
-19.078784028338912
0.
0.
0.
0.
0.
0.
0.
0.
0.
0.
0.
0.
0.
56.08921464952063
0.
-15.297058540778353
0.
0.
0.
0.
0.
0.
0.
0.
0.
0.
0.
-110.
0.
66.
0.
-6.
0.
0.
0.
0.
0.
0.
0.
0.
0.
165.
0.
-165.
0.
33.
0.
-1.
0.
0.
0.
0.
0.
0.
0.
-198.997487421324
0.
298.496231131986
0.
-99.498743710662
0.
6.6332495807108
0.
0.
0.
0.
0.
0.
0.
196.99746191258404
0.
-422.1374183841087
0.
211.06870919205434
0.
-23.45207879911715
0.
0.
0.
0.
0.
0.
0.
-160.8477541030648
0.
482.5432623091944
0.
-344.6737587922817
0.
57.445626465380286
0.
0.
0.
0.
0.
0.
0.
107.47092630102338
0.
-451.3778904642982
0.
451.3778904642982
0.
-107.47092630102338
0.
0.
0.
0.
0.
0.
0.
-57.445626465380286
0.
344.6737587922817
0.
-482.5432623091944
0.
160.8477541030648
0.
0.
0.
0.
0.
0.
0.
23.45207879911715
0.
-211.06870919205434
0.
422.1374183841087
0.
-196.99746191258404
0.
0.
0.
0.
0.
0.
0.
-6.6332495807108
0.
99.498743710662
0.
-298.496231131986
0.
198.997487421324
0.
0.
0.
0.
0.
0.
0.
1.
0.
-33.
0.
165.
0.
-165.
0.
0.
0.
0.
0.
0.
0.
0.
0.
6.
0.
-66.
0.
110.
0.
0.
0.
0.
0.
0.
0.
0.
0.
0.
0.
15.297058540778353
0.
-56.08921464952063
0.
0.
0.
0.
0.
0.
0.
0.
0.
0.
0.
0.
0.
19.078784028338912
0.
0.
0.
0.
0.
0.
0.
0.
0.
0.
0.
0.
0.
0.
0.
0.
0.
0.
0.
0.
0.
0.
0.
9.539392014169456
0.
0.
0.
0.
0.
0.
0.
0.
0.
0.
0.
0.
0.
-30.594117081556707
0.
5.0990195135927845
0.
0.
0.
0.
0.
0.
0.
0.
0.
0.
0.
66.
0.
-24.
0.
1.
0.
0.
0.
0.
0.
0.
0.
0.
0.
-110.
0.
66.
0.
-6.
0.
0.
0.
0.
0.
0.
0.
0.
0.
149.248115565993
0.
-132.66499161421598
0.
19.8997487421324
0.
0.
0.
0.
0.
0.
0.
0.
0.
-168.85496735364347
0.
211.06870919205434
0.
-46.9041575982343
0.
0.
0.
0.
0.
0.
0.
0.
0.
160.8477541030648
0.
-275.7390070338254
0.
86.16843969807043
0.
0.
0.
0.
0.
0.
0.
0.
0.
-128.96511156122807
0.
300.91859364286546
0.
-128.96511156122807
0.
0.
0.
0.
0.
0.
0.
0.
0.
86.16843969807043
0.
-275.7390070338254
0.
160.8477541030648
0.
0.
0.
0.
0.
0.
0.
0.
0.
-46.9041575982343
0.
211.06870919205434
0.
-168.85496735364347
0.
0.
0.
0.
0.
0.
0.
0.
0.
19.8997487421324
0.
-132.66499161421598
0.
149.248115565993
0.
0.
0.
0.
0.
0.
0.
0.
0.
-6.
0.
66.
0.
-110.
0.
0.
0.
0.
0.
0.
0.
0.
0.
1.
0.
-24.
0.
66.
0.
0.
0.
0.
0.
0.
0.
0.
0.
0.
0.
5.0990195135927845
0.
-30.594117081556707
0.
0.
0.
0.
0.
0.
0.
0.
0.
0.
0.
0.
0.
9.539392014169456
0.
0.
0.
0.
0.
0.
0.
0.
0.
0.
0.
0.
0.
0.
0.
0.
0.
0.
0.
0.
0.
0.
0.
0.
0.
-3.7416573867739413
0.
0.
0.
0.
0.
0.
0.
0.
0.
0.
0.
0.
0.
13.
0.
-1.
0.
0.
0.
0.
0.
0.
0.
0.
0.
0.
0.
-30.594117081556707
0.
5.0990195135927845
0.
0.
0.
0.
0.
0.
0.
0.
0.
0.
0.
56.08921464952063
0.
-15.297058540778353
0.
0.
0.
0.
0.
0.
0.
0.
0.
0.
0.
-84.55767262643882
0.
33.823069050575526
0.
0.
0.
0.
0.
0.
0.
0.
0.
0.
0.
107.62434668791258
0.
-59.79130371550699
0.
0.
0.
0.
0.
0.
0.
0.
0.
0.
0.
-117.16654812701448
0.
87.87491109526086
0.
0.
0.
0.
0.
0.
0.
0.
0.
0.
0.
109.59927007056206
0.
-109.59927007056206
0.
0.
0.
0.
0.
0.
0.
0.
0.
0.
0.
-87.87491109526086
0.
117.16654812701448
0.
0.
0.
0.
0.
0.
0.
0.
0.
0.
0.
59.79130371550699
0.
-107.62434668791258
0.
0.
0.
0.
0.
0.
0.
0.
0.
0.
0.
-33.823069050575526
0.
84.55767262643882
0.
0.
0.
0.
0.
0.
0.
0.
0.
0.
0.
15.297058540778353
0.
-56.08921464952063
0.
0.
0.
0.
0.
0.
0.
0.
0.
0.
0.
-5.0990195135927845
0.
30.594117081556707
0.
0.
0.
0.
0.
0.
0.
0.
0.
0.
0.
1.
0.
-13.
0.
0.
0.
0.
0.
0.
0.
0.
0.
0.
0.
0.
0.
3.7416573867739413
0.
0.
0.
0.
0.
0.
0.
0.
0.
0.
0.
0.
0.
0.
0.
0.
0.
0.
0.
0.
0.
0.
0.
0.
0.
0.
0.
1.
0.
0.
0.
0.
0.
0.
0.
0.
0.
0.
0.
0.
0.
-3.7416573867739413
0.
0.
0.
0.
0.
0.
0.
0.
0.
0.
0.
0.
0.
9.539392014169456
0.
0.
0.
0.
0.
0.
0.
0.
0.
0.
0.
0.
0.
-19.078784028338912
0.
0.
0.
0.
0.
0.
0.
0.
0.
0.
0.
0.
0.
31.63858403911275
0.
0.
0.
0.
0.
0.
0.
0.
0.
0.
0.
0.
0.
-44.74371464239419
0.
0.
0.
0.
0.
0.
0.
0.
0.
0.
0.
0.
0.
54.79963503528103
0.
0.
0.
0.
0.
0.
0.
0.
0.
0.
0.
0.
0.
-58.58327406350724
0.
0.
0.
0.
0.
0.
0.
0.
0.
0.
0.
0.
0.
54.79963503528103
0.
0.
0.
0.
0.
0.
0.
0.
0.
0.
0.
0.
0.
-44.74371464239419
0.
0.
0.
0.
0.
0.
0.
0.
0.
0.
0.
0.
0.
31.63858403911275
0.
0.
0.
0.
0.
0.
0.
0.
0.
0.
0.
0.
0.
-19.078784028338912
0.
0.
0.
0.
0.
0.
0.
0.
0.
0.
0.
0.
0.
9.539392014169456
0.
0.
0.
0.
0.
0.
0.
0.
0.
0.
0.
0.
0.
-3.7416573867739413
0.
0.
0.
0.
0.
0.
0.
0.
0.
0.
0.
0.
0.
1.
0.
0.
0.
0.
0.
0.
0.
0.
0.
0.
0.
0.
0.
0.