0.
0.
0.
0.
0.
0.
0.
0.
0.
0.
0.
0.
-13.
0.
0.
0.
0.
0.
0.
0.
0.
0.
0.
0.
0.
-43.26661530556787
0.
3.605551275463989
0.
0.
0.
0.
0.
0.
0.
0.
0.
0.
-97.14936952960633
0.
17.663521732655695
0.
0.
0.
0.
0.
0.
0.
0.
0.
0.
-169.11534525287763
0.
50.73460357586329
0.
0.
0.
0.
0.
0.
0.
0.
0.
0.
-240.6553552281769
0.
106.9579356569675
0.
0.
0.
0.
0.
0.
0.
0.
0.
0.
-286.99825783443356
0.
179.37391114652098
0.
0.
0.
0.
0.
0.
0.
0.
0.
0.
-289.9724124809117
0.
248.54778212649575
0.
0.
0.
0.
0.
0.
0.
0.
0.
0.
-248.54778212649575
0.
289.9724124809117
0.
0.
0.
0.
0.
0.
0.
0.
0.
0.
-179.37391114652098
0.
286.99825783443356
0.
0.
0.
0.
0.
0.
0.
0.
0.
0.
-106.9579356569675
0.
240.6553552281769
0.
0.
0.
0.
0.
0.
0.
0.
0.
0.
-50.73460357586329
0.
169.11534525287763
0.
0.
0.
0.
0.
0.
0.
0.
0.
0.
-17.663521732655695
0.
97.14936952960633
0.
0.
0.
0.
0.
0.
0.
0.
0.
0.
-3.605551275463989
0.
43.26661530556787
0.
0.
0.
0.
0.
0.
0.
0.
0.
0.
0.
0.
13.
0.
0.
0.
0.
0.
0.
0.
0.
0.
0.
0.
0.
0.
0.
0.
0.
0.
0.
0.
0.
0.
0.
0.
43.26661530556787
0.
-3.605551275463989
0.
0.
0.
0.
0.
0.
0.
0.
0.
0.
132.
0.
-37.
0.
0.
0.
0.
0.
0.
0.
0.
0.
0.
269.4438717061496
0.
-139.62091533864114
0.
4.898979485566356
0.
0.
0.
0.
0.
0.
0.
0.
422.1374183841087
0.
-342.40035046711034
0.
28.142494558940577
0.
0.
0.
0.
0.
0.
0.
0.
533.9662910708878
0.
-630.3768714031313
0.
88.99438184514796
0.
0.
0.
0.
0.
0.
0.
0.
557.1929647797072
0.
-925.3383165091566
0.
198.997487421324
0.
0.
0.
0.
0.
0.
0.
0.
482.5432623091944
0.
-1114.4451534283776
0.
344.6737587922817
0.
0.
0.
0.
0.
0.
0.
0.
344.6737587922817
0.
-1114.4451534283776
0.
482.5432623091944
0.
0.
0.
0.
0.
0.
0.
0.
198.997487421324
0.
-925.3383165091566
0.
557.1929647797072
0.
0.
0.
0.
0.
0.
0.
0.
88.99438184514796
0.
-630.3768714031313
0.
533.9662910708878
0.
0.
0.
0.
0.
0.
0.
0.
28.142494558940577
0.
-342.40035046711034
0.
422.1374183841087
0.
0.
0.
0.
0.
0.
0.
0.
4.898979485566356
0.
-139.62091533864114
0.
269.4438717061496
0.
0.
0.
0.
0.
0.
0.
0.
0.
0.
-37.
0.
132.
0.
0.
0.
0.
0.
0.
0.
0.
0.
0.
-3.605551275463989
0.
43.26661530556787
0.
0.
0.
0.
0.
0.
0.
0.
0.
0.
0.
0.
0.
0.
0.
0.
0.
0.
0.
0.
0.
-97.14936952960633
0.
17.663521732655695
0.
0.
0.
0.
0.
0.
0.
0.
0.
0.
-269.4438717061496
0.
139.62091533864114
0.
-4.898979485566356
0.
0.
0.
0.
0.
0.
0.
0.
-495.
0.
462.
0.
-57.
0.
0.
0.
0.
0.
0.
0.
0.
-689.3475175845634
0.
1005.298463144155
0.
-241.2716311545972
0.
5.744562646538029
0.
0.
0.
0.
0.
0.
-762.9678892325679
0.
1634.9311912126454
0.
-635.8065743604732
0.
36.3318042491699
0.
0.
0.
0.
0.
0.
-682.4192259894207
0.
2096.001908396078
0.
-1218.605760695394
0.
121.8605760695394
0.
0.
0.
0.
0.
0.
-492.4936547814601
0.
2166.9720810384247
0.
-1815.1908990516672
0.
281.4249455894058
0.
0.
0.
0.
0.
0.
-281.4249455894058
0.
1815.1908990516672
0.
-2166.9720810384247
0.
492.4936547814601
0.
0.
0.
0.
0.
0.
-121.8605760695394
0.
1218.605760695394
0.
-2096.001908396078
0.
682.4192259894207
0.
0.
0.
0.
0.
0.
-36.3318042491699
0.
635.8065743604732
0.
-1634.9311912126454
0.
762.9678892325679
0.
0.
0.
0.
0.
0.
-5.744562646538029
0.
241.2716311545972
0.
-1005.298463144155
0.
689.3475175845634
0.
0.
0.
0.
0.
0.
0.
0.
57.
0.
-462.
0.
495.
0.
0.
0.
0.
0.
0.
0.
0.
4.898979485566356
0.
-139.62091533864114
0.
269.4438717061496
0.
0.
0.
0.
0.
0.
0.
0.
0.
0.
-17.663521732655695
0.
97.14936952960633
0.
0.
0.
0.
0.
0.
0.
0.
0.
0.
0.
0.
0.
0.
0.
0.
0.
0.
0.
169.11534525287763
0.
-50.73460357586329
0.
0.
0.
0.
0.
0.
0.
0.
0.
0.
422.1374183841087
0.
-342.40035046711034
0.
28.142494558940577
0.
0.
0.
0.
0.
0.
0.
0.
689.3475175845634
0.
-1005.298463144155
0.
241.2716311545972
0.
-5.744562646538029
0.
0.
0.
0.
0.
0.
840.
0.
-1935.
0.
870.
0.
-73.
0.
0.
0.
0.
0.
0.
796.8939703624317
0.
-2751.18156434649
0.
1992.234925906079
0.
-332.03915431767985
0.
6.324555320336759
0.
0.
0.
0.
593.9696961966999
0.
-3029.24545060317
0.
3309.2597359530428
0.
-912.1677477306464
0.
42.42640687119285
0.
0.
0.
0.
342.9285639896449
0.
-2623.4035145207836
0.
4218.021337072632
0.
-1775.880063517804
0.
146.96938456699067
0.
0.
0.
0.
146.96938456699067
0.
-1775.880063517804
0.
4218.021337072632
0.
-2623.4035145207836
0.
342.9285639896449
0.
0.
0.
0.
42.42640687119285
0.
-912.1677477306464
0.
3309.2597359530428
0.
-3029.24545060317
0.
593.9696961966999
0.
0.
0.
0.
6.324555320336759
0.
-332.03915431767985
0.
1992.234925906079
0.
-2751.18156434649
0.
796.8939703624317
0.
0.
0.
0.
0.
0.
-73.
0.
870.
0.
-1935.
0.
840.
0.
0.
0.
0.
0.
0.
-5.744562646538029
0.
241.2716311545972
0.
-1005.298463144155
0.
689.3475175845634
0.
0.
0.
0.
0.
0.
0.
0.
28.142494558940577
0.
-342.40035046711034
0.
422.1374183841087
0.
0.
0.
0.
0.
0.
0.
0.
0.
0.
-50.73460357586329
0.
169.11534525287763
0.
0.
0.
0.
0.
0.
0.
0.
0.
0.
0.
0.
0.
0.
0.
0.
0.
-240.6553552281769
0.
106.9579356569675
0.
0.
0.
0.
0.
0.
0.
0.
0.
0.
-533.9662910708878
0.
630.3768714031313
0.
-88.99438184514796
0.
0.
0.
0.
0.
0.
0.
0.
-762.9678892325679
0.
1634.9311912126454
0.
-635.8065743604732
0.
36.3318042491699
0.
0.
0.
0.
0.
0.
-796.8939703624317
0.
2751.18156434649
0.
-1992.234925906079
0.
332.03915431767985
0.
-6.324555320336759
0.
0.
0.
0.
-630.
0.
3360.
0.
-3960.
0.
1260.
0.
-85.
0.
0.
0.
0.
-375.65942021996466
0.
3099.1902168147085
0.
-5634.891303299471
0.
2951.6097302997227
0.
-402.49223594996215
0.
6.708203932499369
0.
0.
-162.6653005407115
0.
2168.8706738761534
0.
-6018.616120006326
0.
4879.959016221345
0.
-1123.1651704001508
0.
46.47580015448901
0.
0.
-46.47580015448901
0.
1123.1651704001508
0.
-4879.959016221345
0.
6018.616120006326
0.
-2168.8706738761534
0.
162.6653005407115
0.
0.
-6.708203932499369
0.
402.49223594996215
0.
-2951.6097302997227
0.
5634.891303299471
0.
-3099.1902168147085
0.
375.65942021996466
0.
0.
0.
0.
85.
0.
-1260.
0.
3960.
0.
-3360.
0.
630.
0.
0.
0.
0.
6.324555320336759
0.
-332.03915431767985
0.
1992.234925906079
0.
-2751.18156434649
0.
796.8939703624317
0.
0.
0.
0.
0.
0.
-36.3318042491699
0.
635.8065743604732
0.
-1634.9311912126454
0.
762.9678892325679
0.
0.
0.
0.
0.
0.
0.
0.
88.99438184514796
0.
-630.3768714031313
0.
533.9662910708878
0.
0.
0.
0.
0.
0.
0.
0.
0.
0.
-106.9579356569675
0.
240.6553552281769
0.
0.
0.
0.
0.
0.
0.
0.
0.
0.
0.
0.
0.
0.
0.
286.99825783443356
0.
-179.37391114652098
0.
0.
0.
0.
0.
0.
0.
0.
0.
0.
557.1929647797072
0.
-925.3383165091566
0.
198.997487421324
0.
0.
0.
0.
0.
0.
0.
0.
682.4192259894207
0.
-2096.001908396078
0.
1218.605760695394
0.
-121.8605760695394
0.
0.
0.
0.
0.
0.
593.9696961966999
0.
-3029.24545060317
0.
3309.2597359530428
0.
-912.1677477306464
0.
42.42640687119285
0.
0.
0.
0.
375.65942021996466
0.
-3099.1902168147085
0.
5634.891303299471
0.
-2951.6097302997227
0.
402.49223594996215
0.
-6.708203932499369
0.
0.
168.
0.
-2310.
0.
6720.
0.
-5880.
0.
1560.
0.
-93.
0.
0.
48.49742261192856
0.
-1236.6842766041784
0.
5819.690713431427
0.
-8123.318287498034
0.
3637.306695894642
0.
-446.8691083527703
0.
6.928203230275509
6.928203230275509
0.
-446.8691083527703
0.
3637.306695894642
0.
-8123.318287498034
0.
5819.690713431427
0.
-1236.6842766041784
0.
48.49742261192856
0.
0.
-93.
0.
1560.
0.
-5880.
0.
6720.
0.
-2310.
0.
168.
0.
0.
-6.708203932499369
0.
402.49223594996215
0.
-2951.6097302997227
0.
5634.891303299471
0.
-3099.1902168147085
0.
375.65942021996466
0.
0.
0.
0.
42.42640687119285
0.
-912.1677477306464
0.
3309.2597359530428
0.
-3029.24545060317
0.
593.9696961966999
0.
0.
0.
0.
0.
0.
-121.8605760695394
0.
1218.605760695394
0.
-2096.001908396078
0.
682.4192259894207
0.
0.
0.
0.
0.
0.
0.
0.
198.997487421324
0.
-925.3383165091566
0.
557.1929647797072
0.
0.
0.
0.
0.
0.
0.
0.
0.
0.
-179.37391114652098
0.
286.99825783443356
0.
0.
0.
0.
0.
0.
0.
0.
0.
0.
0.
0.
0.
-289.9724124809117
0.
248.54778212649575
0.
0.
0.
0.
0.
0.
0.
0.
0.
0.
-482.5432623091944
0.
1114.4451534283776
0.
-344.6737587922817
0.
0.
0.
0.
0.
0.
0.
0.
-492.4936547814601
0.
2166.9720810384247
0.
-1815.1908990516672
0.
281.4249455894058
0.
0.
0.
0.
0.
0.
-342.9285639896449
0.
2623.4035145207836
0.
-4218.021337072632
0.
1775.880063517804
0.
-146.96938456699067
0.
0.
0.
0.
-162.6653005407115
0.
2168.8706738761534
0.
-6018.616120006326
0.
4879.959016221345
0.
-1123.1651704001508
0.
46.47580015448901
0.
0.
-48.49742261192856
0.
1236.6842766041784
0.
-5819.690713431427
0.
8123.318287498034
0.
-3637.306695894642
0.
446.8691083527703
0.
-6.928203230275509
-7.
0.
462.
0.
-3885.
0.
9100.
0.
-7035.
0.
1722.
0.
-97.
0.
0.
97.
0.
-1722.
0.
7035.
0.
-9100.
0.
3885.
0.
-462.
0.
7.
6.928203230275509
0.
-446.8691083527703
0.
3637.306695894642
0.
-8123.318287498034
0.
5819.690713431427
0.
-1236.6842766041784
0.
48.49742261192856
0.
0.
-46.47580015448901
0.
1123.1651704001508
0.
-4879.959016221345
0.
6018.616120006326
0.
-2168.8706738761534
0.
162.6653005407115
0.
0.
0.
0.
146.96938456699067
0.
-1775.880063517804
0.
4218.021337072632
0.
-2623.4035145207836
0.
342.9285639896449
0.
0.
0.
0.
0.
0.
-281.4249455894058
0.
1815.1908990516672
0.
-2166.9720810384247
0.
492.4936547814601
0.
0.
0.
0.
0.
0.
0.
0.
344.6737587922817
0.
-1114.4451534283776
0.
482.5432623091944
0.
0.
0.
0.
0.
0.
0.
0.
0.
0.
-248.54778212649575
0.
289.9724124809117
0.
0.
0.
0.
0.
0.
0.
0.
0.
0.
0.
248.54778212649575
0.
-289.9724124809117
0.
0.
0.
0.
0.
0.
0.
0.
0.
0.
344.6737587922817
0.
-1114.4451534283776
0.
482.5432623091944
0.
0.
0.
0.
0.
0.
0.
0.
281.4249455894058
0.
-1815.1908990516672
0.
2166.9720810384247
0.
-492.4936547814601
0.
0.
0.
0.
0.
0.
146.96938456699067
0.
-1775.880063517804
0.
4218.021337072632
0.
-2623.4035145207836
0.
342.9285639896449
0.
0.
0.
0.
46.47580015448901
0.
-1123.1651704001508
0.
4879.959016221345
0.
-6018.616120006326
0.
2168.8706738761534
0.
-162.6653005407115
0.
0.
6.928203230275509
0.
-446.8691083527703
0.
3637.306695894642
0.
-8123.318287498034
0.
5819.690713431427
0.
-1236.6842766041784
0.
48.49742261192856
0.
0.
-97.
0.
1722.
0.
-7035.
0.
9100.
0.
-3885.
0.
462.
0.
-7.
-7.
0.
462.
0.
-3885.
0.
9100.
0.
-7035.
0.
1722.
0.
-97.
0.
0.
48.49742261192856
0.
-1236.6842766041784
0.
5819.690713431427
0.
-8123.318287498034
0.
3637.306695894642
0.
-446.8691083527703
0.
6.928203230275509
0.
0.
-162.6653005407115
0.
2168.8706738761534
0.
-6018.616120006326
0.
4879.959016221345
0.
-1123.1651704001508
0.
46.47580015448901
0.
0.
0.
0.
342.9285639896449
0.
-2623.4035145207836
0.
4218.021337072632
0.
-1775.880063517804
0.
146.96938456699067
0.
0.
0.
0.
0.
0.
-492.4936547814601
0.
2166.9720810384247
0.
-1815.1908990516672
0.
281.4249455894058
0.
0.
0.
0.
0.
0.
0.
0.
482.5432623091944
0.
-1114.4451534283776
0.
344.6737587922817
0.
0.
0.
0.
0.
0.
0.
0.
0.
0.
-289.9724124809117
0.
248.54778212649575
0.
0.
0.
0.
0.
0.
0.
0.
0.
-179.37391114652098
0.
286.99825783443356
0.
0.
0.
0.
0.
0.
0.
0.
0.
0.
-198.997487421324
0.
925.3383165091566
0.
-557.1929647797072
0.
0.
0.
0.
0.
0.
0.
0.
-121.8605760695394
0.
1218.605760695394
0.
-2096.001908396078
0.
682.4192259894207
0.
0.
0.
0.
0.
0.
-42.42640687119285
0.
912.1677477306464
0.
-3309.2597359530428
0.
3029.24545060317
0.
-593.9696961966999
0.
0.
0.
0.
-6.708203932499369
0.
402.49223594996215
0.
-2951.6097302997227
0.
5634.891303299471
0.
-3099.1902168147085
0.
375.65942021996466
0.
0.
0.
0.
93.
0.
-1560.
0.
5880.
0.
-6720.
0.
2310.
0.
-168.
0.
0.
6.928203230275509
0.
-446.8691083527703
0.
3637.306695894642
0.
-8123.318287498034
0.
5819.690713431427
0.
-1236.6842766041784
0.
48.49742261192856
0.
0.
-48.49742261192856
0.
1236.6842766041784
0.
-5819.690713431427
0.
8123.318287498034
0.
-3637.306695894642
0.
446.8691083527703
0.
-6.928203230275509
0.
0.
168.
0.
-2310.
0.
6720.
0.
-5880.
0.
1560.
0.
-93.
0.
0.
0.
0.
-375.65942021996466
0.
3099.1902168147085
0.
-5634.891303299471
0.
2951.6097302997227
0.
-402.49223594996215
0.
6.708203932499369
0.
0.
0.
0.
593.9696961966999
0.
-3029.24545060317
0.
3309.2597359530428
0.
-912.1677477306464
0.
42.42640687119285
0.
0.
0.
0.
0.
0.
-682.4192259894207
0.
2096.001908396078
0.
-1218.605760695394
0.
121.8605760695394
0.
0.
0.
0.
0.
0.
0.
0.
557.1929647797072
0.
-925.3383165091566
0.
198.997487421324
0.
0.
0.
0.
0.
0.
0.
0.
0.
0.
-286.99825783443356
0.
179.37391114652098
0.
0.
0.
0.
0.
0.
0.
106.9579356569675
0.
-240.6553552281769
0.
0.
0.
0.
0.
0.
0.
0.
0.
0.
88.99438184514796
0.
-630.3768714031313
0.
533.9662910708878
0.
0.
0.
0.
0.
0.
0.
0.
36.3318042491699
0.
-635.8065743604732
0.
1634.9311912126454
0.
-762.9678892325679
0.
0.
0.
0.
0.
0.
6.324555320336759
0.
-332.03915431767985
0.
1992.234925906079
0.
-2751.18156434649
0.
796.8939703624317
0.
0.
0.
0.
0.
0.
-85.
0.
1260.
0.
-3960.
0.
3360.
0.
-630.
0.
0.
0.
0.
-6.708203932499369
0.
402.49223594996215
0.
-2951.6097302997227
0.
5634.891303299471
0.
-3099.1902168147085
0.
375.65942021996466
0.
0.
0.
0.
46.47580015448901
0.
-1123.1651704001508
0.
4879.959016221345
0.
-6018.616120006326
0.
2168.8706738761534
0.
-162.6653005407115
0.
0.
0.
0.
-162.6653005407115
0.
2168.8706738761534
0.
-6018.616120006326
0.
4879.959016221345
0.
-1123.1651704001508
0.
46.47580015448901
0.
0.
0.
0.
375.65942021996466
0.
-3099.1902168147085
0.
5634.891303299471
0.
-2951.6097302997227
0.
402.49223594996215
0.
-6.708203932499369
0.
0.
0.
0.
-630.
0.
3360.
0.
-3960.
0.
1260.
0.
-85.
0.
0.
0.
0.
0.
0.
796.8939703624317
0.
-2751.18156434649
0.
1992.234925906079
0.
-332.03915431767985
0.
6.324555320336759
0.
0.
0.
0.
0.
0.
-762.9678892325679
0.
1634.9311912126454
0.
-635.8065743604732
0.
36.3318042491699
0.
0.
0.
0.
0.
0.
0.
0.
533.9662910708878
0.
-630.3768714031313
0.
88.99438184514796
0.
0.
0.
0.
0.
0.
0.
0.
0.
0.
-240.6553552281769
0.
106.9579356569675
0.
0.
0.
0.
0.
-50.73460357586329
0.
169.11534525287763
0.
0.
0.
0.
0.
0.
0.
0.
0.
0.
-28.142494558940577
0.
342.40035046711034
0.
-422.1374183841087
0.
0.
0.
0.
0.
0.
0.
0.
-5.744562646538029
0.
241.2716311545972
0.
-1005.298463144155
0.
689.3475175845634
0.
0.
0.
0.
0.
0.
0.
0.
73.
0.
-870.
0.
1935.
0.
-840.
0.
0.
0.
0.
0.
0.
6.324555320336759
0.
-332.03915431767985
0.
1992.234925906079
0.
-2751.18156434649
0.
796.8939703624317
0.
0.
0.
0.
0.
0.
-42.42640687119285
0.
912.1677477306464
0.
-3309.2597359530428
0.
3029.24545060317
0.
-593.9696961966999
0.
0.
0.
0.
0.
0.
146.96938456699067
0.
-1775.880063517804
0.
4218.021337072632
0.
-2623.4035145207836
0.
342.9285639896449
0.
0.
0.
0.
0.
0.
-342.9285639896449
0.
2623.4035145207836
0.
-4218.021337072632
0.
1775.880063517804
0.
-146.96938456699067
0.
0.
0.
0.
0.
0.
593.9696961966999
0.
-3029.24545060317
0.
3309.2597359530428
0.
-912.1677477306464
0.
42.42640687119285
0.
0.
0.
0.
0.
0.
-796.8939703624317
0.
2751.18156434649
0.
-1992.234925906079
0.
332.03915431767985
0.
-6.324555320336759
0.
0.
0.
0.
0.
0.
840.
0.
-1935.
0.
870.
0.
-73.
0.
0.
0.
0.
0.
0.
0.
0.
-689.3475175845634
0.
1005.298463144155
0.
-241.2716311545972
0.
5.744562646538029
0.
0.
0.
0.
0.
0.
0.
0.
422.1374183841087
0.
-342.40035046711034
0.
28.142494558940577
0.
0.
0.
0.
0.
0.
0.
0.
0.
0.
-169.11534525287763
0.
50.73460357586329
0.
0.
0.
17.663521732655695
0.
-97.14936952960633
0.
0.
0.
0.
0.
0.
0.
0.
0.
0.
4.898979485566356
0.
-139.62091533864114
0.
269.4438717061496
0.
0.
0.
0.
0.
0.
0.
0.
0.
0.
-57.
0.
462.
0.
-495.
0.
0.
0.
0.
0.
0.
0.
0.
-5.744562646538029
0.
241.2716311545972
0.
-1005.298463144155
0.
689.3475175845634
0.
0.
0.
0.
0.
0.
0.
0.
36.3318042491699
0.
-635.8065743604732
0.
1634.9311912126454
0.
-762.9678892325679
0.
0.
0.
0.
0.
0.
0.
0.
-121.8605760695394
0.
1218.605760695394
0.
-2096.001908396078
0.
682.4192259894207
0.
0.
0.
0.
0.
0.
0.
0.
281.4249455894058
0.
-1815.1908990516672
0.
2166.9720810384247
0.
-492.4936547814601
0.
0.
0.
0.
0.
0.
0.
0.
-492.4936547814601
0.
2166.9720810384247
0.
-1815.1908990516672
0.
281.4249455894058
0.
0.
0.
0.
0.
0.
0.
0.
682.4192259894207
0.
-2096.001908396078
0.
1218.605760695394
0.
-121.8605760695394
0.
0.
0.
0.
0.
0.
0.
0.
-762.9678892325679
0.
1634.9311912126454
0.
-635.8065743604732
0.
36.3318042491699
0.
0.
0.
0.
0.
0.
0.
0.
689.3475175845634
0.
-1005.298463144155
0.
241.2716311545972
0.
-5.744562646538029
0.
0.
0.
0.
0.
0.
0.
0.
-495.
0.
462.
0.
-57.
0.
0.
0.
0.
0.
0.
0.
0.
0.
0.
269.4438717061496
0.
-139.62091533864114
0.
4.898979485566356
0.
0.
0.
0.
0.
0.
0.
0.
0.
0.
-97.14936952960633
0.
17.663521732655695
0.
-3.605551275463989
0.
43.26661530556787
0.
0.
0.
0.
0.
0.
0.
0.
0.
0.
0.
0.
37.
0.
-132.
0.
0.
0.
0.
0.
0.
0.
0.
0.
0.
4.898979485566356
0.
-139.62091533864114
0.
269.4438717061496
0.
0.
0.
0.
0.
0.
0.
0.
0.
0.
-28.142494558940577
0.
342.40035046711034
0.
-422.1374183841087
0.
0.
0.
0.
0.
0.
0.
0.
0.
0.
88.99438184514796
0.
-630.3768714031313
0.
533.9662910708878
0.
0.
0.
0.
0.
0.
0.
0.
0.
0.
-198.997487421324
0.
925.3383165091566
0.
-557.1929647797072
0.
0.
0.
0.
0.
0.
0.
0.
0.
0.
344.6737587922817
0.
-1114.4451534283776
0.
482.5432623091944
0.
0.
0.
0.
0.
0.
0.
0.
0.
0.
-482.5432623091944
0.
1114.4451534283776
0.
-344.6737587922817
0.
0.
0.
0.
0.
0.
0.
0.
0.
0.
557.1929647797072
0.
-925.3383165091566
0.
198.997487421324
0.
0.
0.
0.
0.
0.
0.
0.
0.
0.
-533.9662910708878
0.
630.3768714031313
0.
-88.99438184514796
0.
0.
0.
0.
0.
0.
0.
0.
0.
0.
422.1374183841087
0.
-342.40035046711034
0.
28.142494558940577
0.
0.
0.
0.
0.
0.
0.
0.
0.
0.
-269.4438717061496
0.
139.62091533864114
0.
-4.898979485566356
0.
0.
0.
0.
0.
0.
0.
0.
0.
0.
132.
0.
-37.
0.
0.
0.
0.
0.
0.
0.
0.
0.
0.
0.
0.
-43.26661530556787
0.
3.605551275463989
0.
-13.
0.
0.
0.
0.
0.
0.
0.
0.
0.
0.
0.
0.
-3.605551275463989
0.
43.26661530556787
0.
0.
0.
0.
0.
0.
0.
0.
0.
0.
0.
0.
17.663521732655695
0.
-97.14936952960633
0.
0.
0.
0.
0.
0.
0.
0.
0.
0.
0.
0.
-50.73460357586329
0.
169.11534525287763
0.
0.
0.
0.
0.
0.
0.
0.
0.
0.
0.
0.
106.9579356569675
0.
-240.6553552281769
0.
0.
0.
0.
0.
0.
0.
0.
0.
0.
0.
0.
-179.37391114652098
0.
286.99825783443356
0.
0.
0.
0.
0.
0.
0.
0.
0.
0.
0.
0.
248.54778212649575
0.
-289.9724124809117
0.
0.
0.
0.
0.
0.
0.
0.
0.
0.
0.
0.
-289.9724124809117
0.
248.54778212649575
0.
0.
0.
0.
0.
0.
0.
0.
0.
0.
0.
0.
286.99825783443356
0.
-179.37391114652098
0.
0.
0.
0.
0.
0.
0.
0.
0.
0.
0.
0.
-240.6553552281769
0.
106.9579356569675
0.
0.
0.
0.
0.
0.
0.
0.
0.
0.
0.
0.
169.11534525287763
0.
-50.73460357586329
0.
0.
0.
0.
0.
0.
0.
0.
0.
0.
0.
0.
-97.14936952960633
0.
17.663521732655695
0.
0.
0.
0.
0.
0.
0.
0.
0.
0.
0.
0.
43.26661530556787
0.
-3.605551275463989
0.
0.
0.
0.
0.
0.
0.
0.
0.
0.
0.
0.
-13.
0.