1.
0.
0.
0.
0.
0.
0.
0.
0.
0.
0.
0.
0.
0.
0.
3.605551275463989
0.
0.
0.
0.
0.
0.
0.
0.
0.
0.
0.
0.
0.
0.
8.831760866327848
0.
0.
0.
0.
0.
0.
0.
0.
0.
0.
0.
0.
0.
0.
16.911534525287763
0.
0.
0.
0.
0.
0.
0.
0.
0.
0.
0.
0.
0.
0.
26.739483914241877
0.
0.
0.
0.
0.
0.
0.
0.
0.
0.
0.
0.
0.
0.
35.874782229304195
0.
0.
0.
0.
0.
0.
0.
0.
0.
0.
0.
0.
0.
0.
41.42463035441596
0.
0.
0.
0.
0.
0.
0.
0.
0.
0.
0.
0.
0.
0.
41.42463035441596
0.
0.
0.
0.
0.
0.
0.
0.
0.
0.
0.
0.
0.
0.
35.874782229304195
0.
0.
0.
0.
0.
0.
0.
0.
0.
0.
0.
0.
0.
0.
26.739483914241877
0.
0.
0.
0.
0.
0.
0.
0.
0.
0.
0.
0.
0.
0.
16.911534525287763
0.
0.
0.
0.
0.
0.
0.
0.
0.
0.
0.
0.
0.
0.
8.831760866327848
0.
0.
0.
0.
0.
0.
0.
0.
0.
0.
0.
0.
0.
0.
3.605551275463989
0.
0.
0.
0.
0.
0.
0.
0.
0.
0.
0.
0.
0.
0.
1.
0.
-3.605551275463989
0.
0.
0.
0.
0.
0.
0.
0.
0.
0.
0.
0.
1.
0.
-12.
0.
0.
0.
0.
0.
0.
0.
0.
0.
0.
0.
0.
4.898979485566356
0.
-26.944387170614956
0.
0.
0.
0.
0.
0.
0.
0.
0.
0.
0.
0.
14.071247279470288
0.
-46.9041575982343
0.
0.
0.
0.
0.
0.
0.
0.
0.
0.
0.
0.
29.664793948382652
0.
-66.74578638386097
0.
0.
0.
0.
0.
0.
0.
0.
0.
0.
0.
0.
49.749371855331
0.
-79.5989949685296
0.
0.
0.
0.
0.
0.
0.
0.
0.
0.
0.
0.
68.93475175845634
0.
-80.4238770515324
0.
0.
0.
0.
0.
0.
0.
0.
0.
0.
0.
0.
80.4238770515324
0.
-68.93475175845634
0.
0.
0.
0.
0.
0.
0.
0.
0.
0.
0.
0.
79.5989949685296
0.
-49.749371855331
0.
0.
0.
0.
0.
0.
0.
0.
0.
0.
0.
0.
66.74578638386097
0.
-29.664793948382652
0.
0.
0.
0.
0.
0.
0.
0.
0.
0.
0.
0.
46.9041575982343
0.
-14.071247279470288
0.
0.
0.
0.
0.
0.
0.
0.
0.
0.
0.
0.
26.944387170614956
0.
-4.898979485566356
0.
0.
0.
0.
0.
0.
0.
0.
0.
0.
0.
0.
12.
0.
-1.
0.
0.
0.
0.
0.
0.
0.
0.
0.
0.
0.
0.
3.605551275463989
0.
0.
0.
8.831760866327848
0.
0.
0.
0.
0.
0.
0.
0.
0.
0.
0.
0.
-4.898979485566356
0.
26.944387170614956
0.
0.
0.
0.
0.
0.
0.
0.
0.
0.
1.
0.
-22.
0.
55.
0.
0.
0.
0.
0.
0.
0.
0.
0.
0.
5.744562646538029
0.
-57.445626465380286
0.
86.16843969807043
0.
0.
0.
0.
0.
0.
0.
0.
0.
0.
18.16590212458495
0.
-108.9954127475097
0.
108.9954127475097
0.
0.
0.
0.
0.
0.
0.
0.
0.
0.
40.620192023179804
0.
-162.48076809271922
0.
113.73653766490345
0.
0.
0.
0.
0.
0.
0.
0.
0.
0.
70.35623639735145
0.
-196.99746191258404
0.
98.49873095629202
0.
0.
0.
0.
0.
0.
0.
0.
0.
0.
98.49873095629202
0.
-196.99746191258404
0.
70.35623639735145
0.
0.
0.
0.
0.
0.
0.
0.
0.
0.
113.73653766490345
0.
-162.48076809271922
0.
40.620192023179804
0.
0.
0.
0.
0.
0.
0.
0.
0.
0.
108.9954127475097
0.
-108.9954127475097
0.
18.16590212458495
0.
0.
0.
0.
0.
0.
0.
0.
0.
0.
86.16843969807043
0.
-57.445626465380286
0.
5.744562646538029
0.
0.
0.
0.
0.
0.
0.
0.
0.
0.
55.
0.
-22.
0.
1.
0.
0.
0.
0.
0.
0.
0.
0.
0.
0.
26.944387170614956
0.
-4.898979485566356
0.
0.
0.
0.
0.
0.
0.
0.
0.
0.
0.
0.
8.831760866327848
0.
0.
0.
0.
0.
-16.911534525287763
0.
0.
0.
0.
0.
0.
0.
0.
0.
0.
0.
0.
14.071247279470288
0.
-46.9041575982343
0.
0.
0.
0.
0.
0.
0.
0.
0.
0.
-5.744562646538029
0.
57.445626465380286
0.
-86.16843969807043
0.
0.
0.
0.
0.
0.
0.
0.
1.
0.
-30.
0.
135.
0.
-120.
0.
0.
0.
0.
0.
0.
0.
0.
6.324555320336759
0.
-85.38149682454625
0.
227.68399153212331
0.
-132.81566172707193
0.
0.
0.
0.
0.
0.
0.
0.
21.213203435596427
0.
-169.7056274847714
0.
296.98484809834997
0.
-118.79393923933999
0.
0.
0.
0.
0.
0.
0.
0.
48.98979485566356
0.
-257.1964229922337
0.
308.6357075906804
0.
-85.73214099741122
0.
0.
0.
0.
0.
0.
0.
0.
85.73214099741122
0.
-308.6357075906804
0.
257.1964229922337
0.
-48.98979485566356
0.
0.
0.
0.
0.
0.
0.
0.
118.79393923933999
0.
-296.98484809834997
0.
169.7056274847714
0.
-21.213203435596427
0.
0.
0.
0.
0.
0.
0.
0.
132.81566172707193
0.
-227.68399153212331
0.
85.38149682454625
0.
-6.324555320336759
0.
0.
0.
0.
0.
0.
0.
0.
120.
0.
-135.
0.
30.
0.
-1.
0.
0.
0.
0.
0.
0.
0.
0.
86.16843969807043
0.
-57.445626465380286
0.
5.744562646538029
0.
0.
0.
0.
0.
0.
0.
0.
0.
0.
46.9041575982343
0.
-14.071247279470288
0.
0.
0.
0.
0.
0.
0.
0.
0.
0.
0.
0.
16.911534525287763
0.
0.
0.
0.
0.
0.
0.
26.739483914241877
0.
0.
0.
0.
0.
0.
0.
0.
0.
0.
0.
0.
-29.664793948382652
0.
66.74578638386097
0.
0.
0.
0.
0.
0.
0.
0.
0.
0.
18.16590212458495
0.
-108.9954127475097
0.
108.9954127475097
0.
0.
0.
0.
0.
0.
0.
0.
-6.324555320336759
0.
85.38149682454625
0.
-227.68399153212331
0.
132.81566172707193
0.
0.
0.
0.
0.
0.
1.
0.
-36.
0.
216.
0.
-336.
0.
126.
0.
0.
0.
0.
0.
0.
6.708203932499369
0.
-107.33126291998991
0.
375.65942021996466
0.
-375.65942021996466
0.
93.91485505499116
0.
0.
0.
0.
0.
0.
23.237900077244504
0.
-216.88706738761536
0.
487.99590162213457
0.
-325.330601081423
0.
54.22176684690384
0.
0.
0.
0.
0.
0.
54.22176684690384
0.
-325.330601081423
0.
487.99590162213457
0.
-216.88706738761536
0.
23.237900077244504
0.
0.
0.
0.
0.
0.
93.91485505499116
0.
-375.65942021996466
0.
375.65942021996466
0.
-107.33126291998991
0.
6.708203932499369
0.
0.
0.
0.
0.
0.
126.
0.
-336.
0.
216.
0.
-36.
0.
1.
0.
0.
0.
0.
0.
0.
132.81566172707193
0.
-227.68399153212331
0.
85.38149682454625
0.
-6.324555320336759
0.
0.
0.
0.
0.
0.
0.
0.
108.9954127475097
0.
-108.9954127475097
0.
18.16590212458495
0.
0.
0.
0.
0.
0.
0.
0.
0.
0.
66.74578638386097
0.
-29.664793948382652
0.
0.
0.
0.
0.
0.
0.
0.
0.
0.
0.
0.
26.739483914241877
0.
0.
0.
0.
0.
0.
0.
0.
0.
-35.874782229304195
0.
0.
0.
0.
0.
0.
0.
0.
0.
0.
0.
0.
49.749371855331
0.
-79.5989949685296
0.
0.
0.
0.
0.
0.
0.
0.
0.
0.
-40.620192023179804
0.
162.48076809271922
0.
-113.73653766490345
0.
0.
0.
0.
0.
0.
0.
0.
21.213203435596427
0.
-169.7056274847714
0.
296.98484809834997
0.
-118.79393923933999
0.
0.
0.
0.
0.
0.
-6.708203932499369
0.
107.33126291998991
0.
-375.65942021996466
0.
375.65942021996466
0.
-93.91485505499116
0.
0.
0.
0.
1.
0.
-40.
0.
280.
0.
-560.
0.
350.
0.
-56.
0.
0.
0.
0.
6.928203230275509
0.
-121.2435565298214
0.
484.9742261192856
0.
-606.217782649107
0.
242.4871130596428
0.
-24.24871130596428
0.
0.
0.
0.
24.24871130596428
0.
-242.4871130596428
0.
606.217782649107
0.
-484.9742261192856
0.
121.2435565298214
0.
-6.928203230275509
0.
0.
0.
0.
56.
0.
-350.
0.
560.
0.
-280.
0.
40.
0.
-1.
0.
0.
0.
0.
93.91485505499116
0.
-375.65942021996466
0.
375.65942021996466
0.
-107.33126291998991
0.
6.708203932499369
0.
0.
0.
0.
0.
0.
118.79393923933999
0.
-296.98484809834997
0.
169.7056274847714
0.
-21.213203435596427
0.
0.
0.
0.
0.
0.
0.
0.
113.73653766490345
0.
-162.48076809271922
0.
40.620192023179804
0.
0.
0.
0.
0.
0.
0.
0.
0.
0.
79.5989949685296
0.
-49.749371855331
0.
0.
0.
0.
0.
0.
0.
0.
0.
0.
0.
0.
35.874782229304195
0.
0.
0.
0.
0.
0.
0.
0.
0.
0.
0.
41.42463035441596
0.
0.
0.
0.
0.
0.
0.
0.
0.
0.
0.
0.
-68.93475175845634
0.
80.4238770515324
0.
0.
0.
0.
0.
0.
0.
0.
0.
0.
70.35623639735145
0.
-196.99746191258404
0.
98.49873095629202
0.
0.
0.
0.
0.
0.
0.
0.
-48.98979485566356
0.
257.1964229922337
0.
-308.6357075906804
0.
85.73214099741122
0.
0.
0.
0.
0.
0.
23.237900077244504
0.
-216.88706738761536
0.
487.99590162213457
0.
-325.330601081423
0.
54.22176684690384
0.
0.
0.
0.
-6.928203230275509
0.
121.2435565298214
0.
-484.9742261192856
0.
606.217782649107
0.
-242.4871130596428
0.
24.24871130596428
0.
0.
1.
0.
-42.
0.
315.
0.
-700.
0.
525.
0.
-126.
0.
7.
0.
0.
7.
0.
-126.
0.
525.
0.
-700.
0.
315.
0.
-42.
0.
1.
0.
0.
24.24871130596428
0.
-242.4871130596428
0.
606.217782649107
0.
-484.9742261192856
0.
121.2435565298214
0.
-6.928203230275509
0.
0.
0.
0.
54.22176684690384
0.
-325.330601081423
0.
487.99590162213457
0.
-216.88706738761536
0.
23.237900077244504
0.
0.
0.
0.
0.
0.
85.73214099741122
0.
-308.6357075906804
0.
257.1964229922337
0.
-48.98979485566356
0.
0.
0.
0.
0.
0.
0.
0.
98.49873095629202
0.
-196.99746191258404
0.
70.35623639735145
0.
0.
0.
0.
0.
0.
0.
0.
0.
0.
80.4238770515324
0.
-68.93475175845634
0.
0.
0.
0.
0.
0.
0.
0.
0.
0.
0.
0.
41.42463035441596
0.
0.
0.
0.
0.
0.
0.
0.
0.
0.
0.
0.
0.
-41.42463035441596
0.
0.
0.
0.
0.
0.
0.
0.
0.
0.
0.
0.
80.4238770515324
0.
-68.93475175845634
0.
0.
0.
0.
0.
0.
0.
0.
0.
0.
-98.49873095629202
0.
196.99746191258404
0.
-70.35623639735145
0.
0.
0.
0.
0.
0.
0.
0.
85.73214099741122
0.
-308.6357075906804
0.
257.1964229922337
0.
-48.98979485566356
0.
0.
0.
0.
0.
0.
-54.22176684690384
0.
325.330601081423
0.
-487.99590162213457
0.
216.88706738761536
0.
-23.237900077244504
0.
0.
0.
0.
24.24871130596428
0.
-242.4871130596428
0.
606.217782649107
0.
-484.9742261192856
0.
121.2435565298214
0.
-6.928203230275509
0.
0.
-7.
0.
126.
0.
-525.
0.
700.
0.
-315.
0.
42.
0.
-1.
1.
0.
-42.
0.
315.
0.
-700.
0.
525.
0.
-126.
0.
7.
0.
0.
6.928203230275509
0.
-121.2435565298214
0.
484.9742261192856
0.
-606.217782649107
0.
242.4871130596428
0.
-24.24871130596428
0.
0.
0.
0.
23.237900077244504
0.
-216.88706738761536
0.
487.99590162213457
0.
-325.330601081423
0.
54.22176684690384
0.
0.
0.
0.
0.
0.
48.98979485566356
0.
-257.1964229922337
0.
308.6357075906804
0.
-85.73214099741122
0.
0.
0.
0.
0.
0.
0.
0.
70.35623639735145
0.
-196.99746191258404
0.
98.49873095629202
0.
0.
0.
0.
0.
0.
0.
0.
0.
0.
68.93475175845634
0.
-80.4238770515324
0.
0.
0.
0.
0.
0.
0.
0.
0.
0.
0.
0.
41.42463035441596
0.
0.
0.
0.
0.
0.
0.
0.
0.
0.
0.
0.
0.
0.
0.
35.874782229304195
0.
0.
0.
0.
0.
0.
0.
0.
0.
0.
0.
0.
-79.5989949685296
0.
49.749371855331
0.
0.
0.
0.
0.
0.
0.
0.
0.
0.
113.73653766490345
0.
-162.48076809271922
0.
40.620192023179804
0.
0.
0.
0.
0.
0.
0.
0.
-118.79393923933999
0.
296.98484809834997
0.
-169.7056274847714
0.
21.213203435596427
0.
0.
0.
0.
0.
0.
93.91485505499116
0.
-375.65942021996466
0.
375.65942021996466
0.
-107.33126291998991
0.
6.708203932499369
0.
0.
0.
0.
-56.
0.
350.
0.
-560.
0.
280.
0.
-40.
0.
1.
0.
0.
24.24871130596428
0.
-242.4871130596428
0.
606.217782649107
0.
-484.9742261192856
0.
121.2435565298214
0.
-6.928203230275509
0.
0.
-6.928203230275509
0.
121.2435565298214
0.
-484.9742261192856
0.
606.217782649107
0.
-242.4871130596428
0.
24.24871130596428
0.
0.
1.
0.
-40.
0.
280.
0.
-560.
0.
350.
0.
-56.
0.
0.
0.
0.
6.708203932499369
0.
-107.33126291998991
0.
375.65942021996466
0.
-375.65942021996466
0.
93.91485505499116
0.
0.
0.
0.
0.
0.
21.213203435596427
0.
-169.7056274847714
0.
296.98484809834997
0.
-118.79393923933999
0.
0.
0.
0.
0.
0.
0.
0.
40.620192023179804
0.
-162.48076809271922
0.
113.73653766490345
0.
0.
0.
0.
0.
0.
0.
0.
0.
0.
49.749371855331
0.
-79.5989949685296
0.
0.
0.
0.
0.
0.
0.
0.
0.
0.
0.
0.
35.874782229304195
0.
0.
0.
0.
0.
0.
0.
0.
0.
0.
0.
0.
0.
0.
0.
0.
0.
-26.739483914241877
0.
0.
0.
0.
0.
0.
0.
0.
0.
0.
0.
0.
66.74578638386097
0.
-29.664793948382652
0.
0.
0.
0.
0.
0.
0.
0.
0.
0.
-108.9954127475097
0.
108.9954127475097
0.
-18.16590212458495
0.
0.
0.
0.
0.
0.
0.
0.
132.81566172707193
0.
-227.68399153212331
0.
85.38149682454625
0.
-6.324555320336759
0.
0.
0.
0.
0.
0.
-126.
0.
336.
0.
-216.
0.
36.
0.
-1.
0.
0.
0.
0.
93.91485505499116
0.
-375.65942021996466
0.
375.65942021996466
0.
-107.33126291998991
0.
6.708203932499369
0.
0.
0.
0.
-54.22176684690384
0.
325.330601081423
0.
-487.99590162213457
0.
216.88706738761536
0.
-23.237900077244504
0.
0.
0.
0.
23.237900077244504
0.
-216.88706738761536
0.
487.99590162213457
0.
-325.330601081423
0.
54.22176684690384
0.
0.
0.
0.
-6.708203932499369
0.
107.33126291998991
0.
-375.65942021996466
0.
375.65942021996466
0.
-93.91485505499116
0.
0.
0.
0.
1.
0.
-36.
0.
216.
0.
-336.
0.
126.
0.
0.
0.
0.
0.
0.
6.324555320336759
0.
-85.38149682454625
0.
227.68399153212331
0.
-132.81566172707193
0.
0.
0.
0.
0.
0.
0.
0.
18.16590212458495
0.
-108.9954127475097
0.
108.9954127475097
0.
0.
0.
0.
0.
0.
0.
0.
0.
0.
29.664793948382652
0.
-66.74578638386097
0.
0.
0.
0.
0.
0.
0.
0.
0.
0.
0.
0.
26.739483914241877
0.
0.
0.
0.
0.
0.
0.
0.
0.
0.
0.
0.
0.
0.
0.
0.
0.
0.
0.
16.911534525287763
0.
0.
0.
0.
0.
0.
0.
0.
0.
0.
0.
0.
-46.9041575982343
0.
14.071247279470288
0.
0.
0.
0.
0.
0.
0.
0.
0.
0.
86.16843969807043
0.
-57.445626465380286
0.
5.744562646538029
0.
0.
0.
0.
0.
0.
0.
0.
-120.
0.
135.
0.
-30.
0.
1.
0.
0.
0.
0.
0.
0.
132.81566172707193
0.
-227.68399153212331
0.
85.38149682454625
0.
-6.324555320336759
0.
0.
0.
0.
0.
0.
-118.79393923933999
0.
296.98484809834997
0.
-169.7056274847714
0.
21.213203435596427
0.
0.
0.
0.
0.
0.
85.73214099741122
0.
-308.6357075906804
0.
257.1964229922337
0.
-48.98979485566356
0.
0.
0.
0.
0.
0.
-48.98979485566356
0.
257.1964229922337
0.
-308.6357075906804
0.
85.73214099741122
0.
0.
0.
0.
0.
0.
21.213203435596427
0.
-169.7056274847714
0.
296.98484809834997
0.
-118.79393923933999
0.
0.
0.
0.
0.
0.
-6.324555320336759
0.
85.38149682454625
0.
-227.68399153212331
0.
132.81566172707193
0.
0.
0.
0.
0.
0.
1.
0.
-30.
0.
135.
0.
-120.
0.
0.
0.
0.
0.
0.
0.
0.
5.744562646538029
0.
-57.445626465380286
0.
86.16843969807043
0.
0.
0.
0.
0.
0.
0.
0.
0.
0.
14.071247279470288
0.
-46.9041575982343
0.
0.
0.
0.
0.
0.
0.
0.
0.
0.
0.
0.
16.911534525287763
0.
0.
0.
0.
0.
0.
0.
0.
0.
0.
0.
0.
0.
0.
0.
0.
0.
0.
0.
0.
0.
-8.831760866327848
0.
0.
0.
0.
0.
0.
0.
0.
0.
0.
0.
0.
26.944387170614956
0.
-4.898979485566356
0.
0.
0.
0.
0.
0.
0.
0.
0.
0.
-55.
0.
22.
0.
-1.
0.
0.
0.
0.
0.
0.
0.
0.
86.16843969807043
0.
-57.445626465380286
0.
5.744562646538029
0.
0.
0.
0.
0.
0.
0.
0.
-108.9954127475097
0.
108.9954127475097
0.
-18.16590212458495
0.
0.
0.
0.
0.
0.
0.
0.
113.73653766490345
0.
-162.48076809271922
0.
40.620192023179804
0.
0.
0.
0.
0.
0.
0.
0.
-98.49873095629202
0.
196.99746191258404
0.
-70.35623639735145
0.
0.
0.
0.
0.
0.
0.
0.
70.35623639735145
0.
-196.99746191258404
0.
98.49873095629202
0.
0.
0.
0.
0.
0.
0.
0.
-40.620192023179804
0.
162.48076809271922
0.
-113.73653766490345
0.
0.
0.
0.
0.
0.
0.
0.
18.16590212458495
0.
-108.9954127475097
0.
108.9954127475097
0.
0.
0.
0.
0.
0.
0.
0.
-5.744562646538029
0.
57.445626465380286
0.
-86.16843969807043
0.
0.
0.
0.
0.
0.
0.
0.
1.
0.
-22.
0.
55.
0.
0.
0.
0.
0.
0.
0.
0.
0.
0.
4.898979485566356
0.
-26.944387170614956
0.
0.
0.
0.
0.
0.
0.
0.
0.
0.
0.
0.
8.831760866327848
0.
0.
0.
0.
0.
0.
0.
0.
0.
0.
0.
0.
0.
0.
0.
0.
0.
0.
0.
0.
0.
0.
0.
3.605551275463989
0.
0.
0.
0.
0.
0.
0.
0.
0.
0.
0.
0.
-12.
0.
1.
0.
0.
0.
0.
0.
0.
0.
0.
0.
0.
26.944387170614956
0.
-4.898979485566356
0.
0.
0.
0.
0.
0.
0.
0.
0.
0.
-46.9041575982343
0.
14.071247279470288
0.
0.
0.
0.
0.
0.
0.
0.
0.
0.
66.74578638386097
0.
-29.664793948382652
0.
0.
0.
0.
0.
0.
0.
0.
0.
0.
-79.5989949685296
0.
49.749371855331
0.
0.
0.
0.
0.
0.
0.
0.
0.
0.
80.4238770515324
0.
-68.93475175845634
0.
0.
0.
0.
0.
0.
0.
0.
0.
0.
-68.93475175845634
0.
80.4238770515324
0.
0.
0.
0.
0.
0.
0.
0.
0.
0.
49.749371855331
0.
-79.5989949685296
0.
0.
0.
0.
0.
0.
0.
0.
0.
0.
-29.664793948382652
0.
66.74578638386097
0.
0.
0.
0.
0.
0.
0.
0.
0.
0.
14.071247279470288
0.
-46.9041575982343
0.
0.
0.
0.
0.
0.
0.
0.
0.
0.
-4.898979485566356
0.
26.944387170614956
0.
0.
0.
0.
0.
0.
0.
0.
0.
0.
1.
0.
-12.
0.
0.
0.
0.
0.
0.
0.
0.
0.
0.
0.
0.
3.605551275463989
0.
0.
0.
0.
0.
0.
0.
0.
0.
0.
0.
0.
0.
0.
0.
0.
0.
0.
0.
0.
0.
0.
0.
0.
0.
-1.
0.
0.
0.
0.
0.
0.
0.
0.
0.
0.
0.
0.
3.605551275463989
0.
0.
0.
0.
0.
0.
0.
0.
0.
0.
0.
0.
-8.831760866327848
0.
0.
0.
0.
0.
0.
0.
0.
0.
0.
0.
0.
16.911534525287763
0.
0.
0.
0.
0.
0.
0.
0.
0.
0.
0.
0.
-26.739483914241877
0.
0.
0.
0.
0.
0.
0.
0.
0.
0.
0.
0.
35.874782229304195
0.
0.
0.
0.
0.
0.
0.
0.
0.
0.
0.
0.
-41.42463035441596
0.
0.
0.
0.
0.
0.
0.
0.
0.
0.
0.
0.
41.42463035441596
0.
0.
0.
0.
0.
0.
0.
0.
0.
0.
0.
0.
-35.874782229304195
0.
0.
0.
0.
0.
0.
0.
0.
0.
0.
0.
0.
26.739483914241877
0.
0.
0.
0.
0.
0.
0.
0.
0.
0.
0.
0.
-16.911534525287763
0.
0.
0.
0.
0.
0.
0.
0.
0.
0.
0.
0.
8.831760866327848
0.
0.
0.
0.
0.
0.
0.
0.
0.
0.
0.
0.
-3.605551275463989
0.
0.
0.
0.
0.
0.
0.
0.
0.
0.
0.
0.
1.
0.
0.
0.
0.
0.
0.
0.
0.
0.
0.
0.
0.
0.