0.
0.
0.
0.
0.
0.
0.
0.
0.
0.
0.
-12.
0.
0.
0.
0.
0.
0.
0.
0.
0.
0.
0.
-38.1051177665153
0.
3.4641016151377544
0.
0.
0.
0.
0.
0.
0.
0.
0.
-81.24038404635961
0.
16.24807680927192
0.
0.
0.
0.
0.
0.
0.
0.
0.
-133.49157276772195
0.
44.49719092257398
0.
0.
0.
0.
0.
0.
0.
0.
0.
-177.9887636902959
0.
88.99438184514796
0.
0.
0.
0.
0.
0.
0.
0.
0.
-196.99746191258404
0.
140.7124727947029
0.
0.
0.
0.
0.
0.
0.
0.
0.
-182.38420984284795
0.
182.38420984284795
0.
0.
0.
0.
0.
0.
0.
0.
0.
-140.7124727947029
0.
196.99746191258404
0.
0.
0.
0.
0.
0.
0.
0.
0.
-88.99438184514796
0.
177.9887636902959
0.
0.
0.
0.
0.
0.
0.
0.
0.
-44.49719092257398
0.
133.49157276772195
0.
0.
0.
0.
0.
0.
0.
0.
0.
-16.24807680927192
0.
81.24038404635961
0.
0.
0.
0.
0.
0.
0.
0.
0.
-3.4641016151377544
0.
38.1051177665153
0.
0.
0.
0.
0.
0.
0.
0.
0.
0.
0.
12.
0.
0.
0.
0.
0.
0.
0.
0.
0.
0.
0.
0.
0.
0.
0.
0.
0.
0.
0.
0.
0.
38.1051177665153
0.
-3.4641016151377544
0.
0.
0.
0.
0.
0.
0.
0.
0.
110.
0.
-34.
0.
0.
0.
0.
0.
0.
0.
0.
0.
211.06870919205434
0.
-121.95080975540917
0.
4.69041575982343
0.
0.
0.
0.
0.
0.
0.
308.2855818879631
0.
-282.59511673063287
0.
25.69046515733026
0.
0.
0.
0.
0.
0.
0.
359.6665122026236
0.
-488.11883798927494
0.
77.07139547199077
0.
0.
0.
0.
0.
0.
0.
341.20961299471037
0.
-666.1711491801487
0.
162.48076809271922
0.
0.
0.
0.
0.
0.
0.
263.2489316217637
0.
-737.0970085409383
0.
263.2489316217637
0.
0.
0.
0.
0.
0.
0.
162.48076809271922
0.
-666.1711491801487
0.
341.20961299471037
0.
0.
0.
0.
0.
0.
0.
77.07139547199077
0.
-488.11883798927494
0.
359.6665122026236
0.
0.
0.
0.
0.
0.
0.
25.69046515733026
0.
-282.59511673063287
0.
308.2855818879631
0.
0.
0.
0.
0.
0.
0.
4.69041575982343
0.
-121.95080975540917
0.
211.06870919205434
0.
0.
0.
0.
0.
0.
0.
0.
0.
-34.
0.
110.
0.
0.
0.
0.
0.
0.
0.
0.
0.
-3.4641016151377544
0.
38.1051177665153
0.
0.
0.
0.
0.
0.
0.
0.
0.
0.
0.
0.
0.
0.
0.
0.
0.
0.
0.
-81.24038404635961
0.
16.24807680927192
0.
0.
0.
0.
0.
0.
0.
0.
0.
-211.06870919205434
0.
121.95080975540917
0.
-4.69041575982343
0.
0.
0.
0.
0.
0.
0.
-360.
0.
380.
0.
-52.
0.
0.
0.
0.
0.
0.
0.
-460.08694830433956
0.
772.2888060822843
0.
-208.13457185196313
0.
5.477225575051661
0.
0.
0.
0.
0.
-460.08694830433956
0.
1161.171821910952
0.
-514.8592040548561
0.
32.863353450309965
0.
0.
0.
0.
0.
-363.7306695894642
0.
1357.9278331339997
0.
-917.9869280115049
0.
103.92304845413263
0.
0.
0.
0.
0.
-224.49944320643647
0.
1257.1968819560443
0.
-1257.1968819560443
0.
224.49944320643647
0.
0.
0.
0.
0.
-103.92304845413263
0.
917.9869280115049
0.
-1357.9278331339997
0.
363.7306695894642
0.
0.
0.
0.
0.
-32.863353450309965
0.
514.8592040548561
0.
-1161.171821910952
0.
460.08694830433956
0.
0.
0.
0.
0.
-5.477225575051661
0.
208.13457185196313
0.
-772.2888060822843
0.
460.08694830433956
0.
0.
0.
0.
0.
0.
0.
52.
0.
-380.
0.
360.
0.
0.
0.
0.
0.
0.
0.
4.69041575982343
0.
-121.95080975540917
0.
211.06870919205434
0.
0.
0.
0.
0.
0.
0.
0.
0.
-16.24807680927192
0.
81.24038404635961
0.
0.
0.
0.
0.
0.
0.
0.
0.
0.
0.
0.
0.
0.
0.
0.
0.
133.49157276772195
0.
-44.49719092257398
0.
0.
0.
0.
0.
0.
0.
0.
0.
308.2855818879631
0.
-282.59511673063287
0.
25.69046515733026
0.
0.
0.
0.
0.
0.
0.
460.08694830433956
0.
-772.2888060822843
0.
208.13457185196313
0.
-5.477225575051661
0.
0.
0.
0.
0.
504.
0.
-1368.
0.
702.
0.
-66.
0.
0.
0.
0.
0.
420.
0.
-1764.
0.
1488.
0.
-282.
0.
6.
0.
0.
0.
265.63132345414385
0.
-1726.6036024519353
0.
2257.866249360223
0.
-720.9993065183905
0.
37.94733192202055
0.
0.
0.
122.96340919151518
0.
-1291.1157965109094
0.
2582.2315930218188
0.
-1291.1157965109094
0.
122.96340919151518
0.
0.
0.
37.94733192202055
0.
-720.9993065183905
0.
2257.866249360223
0.
-1726.6036024519353
0.
265.63132345414385
0.
0.
0.
6.
0.
-282.
0.
1488.
0.
-1764.
0.
420.
0.
0.
0.
0.
0.
-66.
0.
702.
0.
-1368.
0.
504.
0.
0.
0.
0.
0.
-5.477225575051661
0.
208.13457185196313
0.
-772.2888060822843
0.
460.08694830433956
0.
0.
0.
0.
0.
0.
0.
25.69046515733026
0.
-282.59511673063287
0.
308.2855818879631
0.
0.
0.
0.
0.
0.
0.
0.
0.
-44.49719092257398
0.
133.49157276772195
0.
0.
0.
0.
0.
0.
0.
0.
0.
0.
0.
0.
0.
0.
0.
-177.9887636902959
0.
88.99438184514796
0.
0.
0.
0.
0.
0.
0.
0.
0.
-359.6665122026236
0.
488.11883798927494
0.
-77.07139547199077
0.
0.
0.
0.
0.
0.
0.
-460.08694830433956
0.
1161.171821910952
0.
-514.8592040548561
0.
32.863353450309965
0.
0.
0.
0.
0.
-420.
0.
1764.
0.
-1488.
0.
282.
0.
-6.
0.
0.
0.
-280.
0.
1904.
0.
-2688.
0.
992.
0.
-76.
0.
0.
0.
-132.81566172707193
0.
1505.2441662401486
0.
-3408.935317661513
0.
2125.050587633151
0.
-335.20143197784824
0.
6.324555320336759
0.
-40.98780306383839
0.
860.7438643406063
0.
-3156.0608359155563
0.
3156.0608359155563
0.
-860.7438643406063
0.
40.98780306383839
0.
-6.324555320336759
0.
335.20143197784824
0.
-2125.050587633151
0.
3408.935317661513
0.
-1505.2441662401486
0.
132.81566172707193
0.
0.
0.
76.
0.
-992.
0.
2688.
0.
-1904.
0.
280.
0.
0.
0.
6.
0.
-282.
0.
1488.
0.
-1764.
0.
420.
0.
0.
0.
0.
0.
-32.863353450309965
0.
514.8592040548561
0.
-1161.171821910952
0.
460.08694830433956
0.
0.
0.
0.
0.
0.
0.
77.07139547199077
0.
-488.11883798927494
0.
359.6665122026236
0.
0.
0.
0.
0.
0.
0.
0.
0.
-88.99438184514796
0.
177.9887636902959
0.
0.
0.
0.
0.
0.
0.
0.
0.
0.
0.
0.
0.
196.99746191258404
0.
-140.7124727947029
0.
0.
0.
0.
0.
0.
0.
0.
0.
341.20961299471037
0.
-666.1711491801487
0.
162.48076809271922
0.
0.
0.
0.
0.
0.
0.
363.7306695894642
0.
-1357.9278331339997
0.
917.9869280115049
0.
-103.92304845413263
0.
0.
0.
0.
0.
265.63132345414385
0.
-1726.6036024519353
0.
2257.866249360223
0.
-720.9993065183905
0.
37.94733192202055
0.
0.
0.
132.81566172707193
0.
-1505.2441662401486
0.
3408.935317661513
0.
-2125.050587633151
0.
335.20143197784824
0.
-6.324555320336759
0.
42.
0.
-910.
0.
3500.
0.
-3780.
0.
1190.
0.
-82.
0.
6.48074069840786
0.
-362.9214791108402
0.
2495.085168887026
0.
-4536.518488885502
0.
2495.085168887026
0.
-362.9214791108402
0.
6.48074069840786
0.
-82.
0.
1190.
0.
-3780.
0.
3500.
0.
-910.
0.
42.
0.
-6.324555320336759
0.
335.20143197784824
0.
-2125.050587633151
0.
3408.935317661513
0.
-1505.2441662401486
0.
132.81566172707193
0.
0.
0.
37.94733192202055
0.
-720.9993065183905
0.
2257.866249360223
0.
-1726.6036024519353
0.
265.63132345414385
0.
0.
0.
0.
0.
-103.92304845413263
0.
917.9869280115049
0.
-1357.9278331339997
0.
363.7306695894642
0.
0.
0.
0.
0.
0.
0.
162.48076809271922
0.
-666.1711491801487
0.
341.20961299471037
0.
0.
0.
0.
0.
0.
0.
0.
0.
-140.7124727947029
0.
196.99746191258404
0.
0.
0.
0.
0.
0.
0.
0.
0.
0.
0.
-182.38420984284795
0.
182.38420984284795
0.
0.
0.
0.
0.
0.
0.
0.
0.
-263.2489316217637
0.
737.0970085409383
0.
-263.2489316217637
0.
0.
0.
0.
0.
0.
0.
-224.49944320643647
0.
1257.1968819560443
0.
-1257.1968819560443
0.
224.49944320643647
0.
0.
0.
0.
0.
-122.96340919151518
0.
1291.1157965109094
0.
-2582.2315930218188
0.
1291.1157965109094
0.
-122.96340919151518
0.
0.
0.
-40.98780306383839
0.
860.7438643406063
0.
-3156.0608359155563
0.
3156.0608359155563
0.
-860.7438643406063
0.
40.98780306383839
0.
-6.48074069840786
0.
362.9214791108402
0.
-2495.085168887026
0.
4536.518488885502
0.
-2495.085168887026
0.
362.9214791108402
0.
-6.48074069840786
0.
84.
0.
-1260.
0.
4200.
0.
-4200.
0.
1260.
0.
-84.
0.
6.48074069840786
0.
-362.9214791108402
0.
2495.085168887026
0.
-4536.518488885502
0.
2495.085168887026
0.
-362.9214791108402
0.
6.48074069840786
0.
-40.98780306383839
0.
860.7438643406063
0.
-3156.0608359155563
0.
3156.0608359155563
0.
-860.7438643406063
0.
40.98780306383839
0.
0.
0.
122.96340919151518
0.
-1291.1157965109094
0.
2582.2315930218188
0.
-1291.1157965109094
0.
122.96340919151518
0.
0.
0.
0.
0.
-224.49944320643647
0.
1257.1968819560443
0.
-1257.1968819560443
0.
224.49944320643647
0.
0.
0.
0.
0.
0.
0.
263.2489316217637
0.
-737.0970085409383
0.
263.2489316217637
0.
0.
0.
0.
0.
0.
0.
0.
0.
-182.38420984284795
0.
182.38420984284795
0.
0.
0.
0.
0.
0.
0.
0.
0.
140.7124727947029
0.
-196.99746191258404
0.
0.
0.
0.
0.
0.
0.
0.
0.
162.48076809271922
0.
-666.1711491801487
0.
341.20961299471037
0.
0.
0.
0.
0.
0.
0.
103.92304845413263
0.
-917.9869280115049
0.
1357.9278331339997
0.
-363.7306695894642
0.
0.
0.
0.
0.
37.94733192202055
0.
-720.9993065183905
0.
2257.866249360223
0.
-1726.6036024519353
0.
265.63132345414385
0.
0.
0.
6.324555320336759
0.
-335.20143197784824
0.
2125.050587633151
0.
-3408.935317661513
0.
1505.2441662401486
0.
-132.81566172707193
0.
0.
0.
-82.
0.
1190.
0.
-3780.
0.
3500.
0.
-910.
0.
42.
0.
-6.48074069840786
0.
362.9214791108402
0.
-2495.085168887026
0.
4536.518488885502
0.
-2495.085168887026
0.
362.9214791108402
0.
-6.48074069840786
0.
42.
0.
-910.
0.
3500.
0.
-3780.
0.
1190.
0.
-82.
0.
0.
0.
-132.81566172707193
0.
1505.2441662401486
0.
-3408.935317661513
0.
2125.050587633151
0.
-335.20143197784824
0.
6.324555320336759
0.
0.
0.
265.63132345414385
0.
-1726.6036024519353
0.
2257.866249360223
0.
-720.9993065183905
0.
37.94733192202055
0.
0.
0.
0.
0.
-363.7306695894642
0.
1357.9278331339997
0.
-917.9869280115049
0.
103.92304845413263
0.
0.
0.
0.
0.
0.
0.
341.20961299471037
0.
-666.1711491801487
0.
162.48076809271922
0.
0.
0.
0.
0.
0.
0.
0.
0.
-196.99746191258404
0.
140.7124727947029
0.
0.
0.
0.
0.
0.
0.
-88.99438184514796
0.
177.9887636902959
0.
0.
0.
0.
0.
0.
0.
0.
0.
-77.07139547199077
0.
488.11883798927494
0.
-359.6665122026236
0.
0.
0.
0.
0.
0.
0.
-32.863353450309965
0.
514.8592040548561
0.
-1161.171821910952
0.
460.08694830433956
0.
0.
0.
0.
0.
-6.
0.
282.
0.
-1488.
0.
1764.
0.
-420.
0.
0.
0.
0.
0.
76.
0.
-992.
0.
2688.
0.
-1904.
0.
280.
0.
0.
0.
6.324555320336759
0.
-335.20143197784824
0.
2125.050587633151
0.
-3408.935317661513
0.
1505.2441662401486
0.
-132.81566172707193
0.
0.
0.
-40.98780306383839
0.
860.7438643406063
0.
-3156.0608359155563
0.
3156.0608359155563
0.
-860.7438643406063
0.
40.98780306383839
0.
0.
0.
132.81566172707193
0.
-1505.2441662401486
0.
3408.935317661513
0.
-2125.050587633151
0.
335.20143197784824
0.
-6.324555320336759
0.
0.
0.
-280.
0.
1904.
0.
-2688.
0.
992.
0.
-76.
0.
0.
0.
0.
0.
420.
0.
-1764.
0.
1488.
0.
-282.
0.
6.
0.
0.
0.
0.
0.
-460.08694830433956
0.
1161.171821910952
0.
-514.8592040548561
0.
32.863353450309965
0.
0.
0.
0.
0.
0.
0.
359.6665122026236
0.
-488.11883798927494
0.
77.07139547199077
0.
0.
0.
0.
0.
0.
0.
0.
0.
-177.9887636902959
0.
88.99438184514796
0.
0.
0.
0.
0.
44.49719092257398
0.
-133.49157276772195
0.
0.
0.
0.
0.
0.
0.
0.
0.
25.69046515733026
0.
-282.59511673063287
0.
308.2855818879631
0.
0.
0.
0.
0.
0.
0.
5.477225575051661
0.
-208.13457185196313
0.
772.2888060822843
0.
-460.08694830433956
0.
0.
0.
0.
0.
0.
0.
-66.
0.
702.
0.
-1368.
0.
504.
0.
0.
0.
0.
0.
-6.
0.
282.
0.
-1488.
0.
1764.
0.
-420.
0.
0.
0.
0.
0.
37.94733192202055
0.
-720.9993065183905
0.
2257.866249360223
0.
-1726.6036024519353
0.
265.63132345414385
0.
0.
0.
0.
0.
-122.96340919151518
0.
1291.1157965109094
0.
-2582.2315930218188
0.
1291.1157965109094
0.
-122.96340919151518
0.
0.
0.
0.
0.
265.63132345414385
0.
-1726.6036024519353
0.
2257.866249360223
0.
-720.9993065183905
0.
37.94733192202055
0.
0.
0.
0.
0.
-420.
0.
1764.
0.
-1488.
0.
282.
0.
-6.
0.
0.
0.
0.
0.
504.
0.
-1368.
0.
702.
0.
-66.
0.
0.
0.
0.
0.
0.
0.
-460.08694830433956
0.
772.2888060822843
0.
-208.13457185196313
0.
5.477225575051661
0.
0.
0.
0.
0.
0.
0.
308.2855818879631
0.
-282.59511673063287
0.
25.69046515733026
0.
0.
0.
0.
0.
0.
0.
0.
0.
-133.49157276772195
0.
44.49719092257398
0.
0.
0.
-16.24807680927192
0.
81.24038404635961
0.
0.
0.
0.
0.
0.
0.
0.
0.
-4.69041575982343
0.
121.95080975540917
0.
-211.06870919205434
0.
0.
0.
0.
0.
0.
0.
0.
0.
52.
0.
-380.
0.
360.
0.
0.
0.
0.
0.
0.
0.
5.477225575051661
0.
-208.13457185196313
0.
772.2888060822843
0.
-460.08694830433956
0.
0.
0.
0.
0.
0.
0.
-32.863353450309965
0.
514.8592040548561
0.
-1161.171821910952
0.
460.08694830433956
0.
0.
0.
0.
0.
0.
0.
103.92304845413263
0.
-917.9869280115049
0.
1357.9278331339997
0.
-363.7306695894642
0.
0.
0.
0.
0.
0.
0.
-224.49944320643647
0.
1257.1968819560443
0.
-1257.1968819560443
0.
224.49944320643647
0.
0.
0.
0.
0.
0.
0.
363.7306695894642
0.
-1357.9278331339997
0.
917.9869280115049
0.
-103.92304845413263
0.
0.
0.
0.
0.
0.
0.
-460.08694830433956
0.
1161.171821910952
0.
-514.8592040548561
0.
32.863353450309965
0.
0.
0.
0.
0.
0.
0.
460.08694830433956
0.
-772.2888060822843
0.
208.13457185196313
0.
-5.477225575051661
0.
0.
0.
0.
0.
0.
0.
-360.
0.
380.
0.
-52.
0.
0.
0.
0.
0.
0.
0.
0.
0.
211.06870919205434
0.
-121.95080975540917
0.
4.69041575982343
0.
0.
0.
0.
0.
0.
0.
0.
0.
-81.24038404635961
0.
16.24807680927192
0.
3.4641016151377544
0.
-38.1051177665153
0.
0.
0.
0.
0.
0.
0.
0.
0.
0.
0.
-34.
0.
110.
0.
0.
0.
0.
0.
0.
0.
0.
0.
-4.69041575982343
0.
121.95080975540917
0.
-211.06870919205434
0.
0.
0.
0.
0.
0.
0.
0.
0.
25.69046515733026
0.
-282.59511673063287
0.
308.2855818879631
0.
0.
0.
0.
0.
0.
0.
0.
0.
-77.07139547199077
0.
488.11883798927494
0.
-359.6665122026236
0.
0.
0.
0.
0.
0.
0.
0.
0.
162.48076809271922
0.
-666.1711491801487
0.
341.20961299471037
0.
0.
0.
0.
0.
0.
0.
0.
0.
-263.2489316217637
0.
737.0970085409383
0.
-263.2489316217637
0.
0.
0.
0.
0.
0.
0.
0.
0.
341.20961299471037
0.
-666.1711491801487
0.
162.48076809271922
0.
0.
0.
0.
0.
0.
0.
0.
0.
-359.6665122026236
0.
488.11883798927494
0.
-77.07139547199077
0.
0.
0.
0.
0.
0.
0.
0.
0.
308.2855818879631
0.
-282.59511673063287
0.
25.69046515733026
0.
0.
0.
0.
0.
0.
0.
0.
0.
-211.06870919205434
0.
121.95080975540917
0.
-4.69041575982343
0.
0.
0.
0.
0.
0.
0.
0.
0.
110.
0.
-34.
0.
0.
0.
0.
0.
0.
0.
0.
0.
0.
0.
-38.1051177665153
0.
3.4641016151377544
0.
12.
0.
0.
0.
0.
0.
0.
0.
0.
0.
0.
0.
3.4641016151377544
0.
-38.1051177665153
0.
0.
0.
0.
0.
0.
0.
0.
0.
0.
0.
-16.24807680927192
0.
81.24038404635961
0.
0.
0.
0.
0.
0.
0.
0.
0.
0.
0.
44.49719092257398
0.
-133.49157276772195
0.
0.
0.
0.
0.
0.
0.
0.
0.
0.
0.
-88.99438184514796
0.
177.9887636902959
0.
0.
0.
0.
0.
0.
0.
0.
0.
0.
0.
140.7124727947029
0.
-196.99746191258404
0.
0.
0.
0.
0.
0.
0.
0.
0.
0.
0.
-182.38420984284795
0.
182.38420984284795
0.
0.
0.
0.
0.
0.
0.
0.
0.
0.
0.
196.99746191258404
0.
-140.7124727947029
0.
0.
0.
0.
0.
0.
0.
0.
0.
0.
0.
-177.9887636902959
0.
88.99438184514796
0.
0.
0.
0.
0.
0.
0.
0.
0.
0.
0.
133.49157276772195
0.
-44.49719092257398
0.
0.
0.
0.
0.
0.
0.
0.
0.
0.
0.
-81.24038404635961
0.
16.24807680927192
0.
0.
0.
0.
0.
0.
0.
0.
0.
0.
0.
38.1051177665153
0.
-3.4641016151377544
0.
0.
0.
0.
0.
0.
0.
0.
0.
0.
0.
-12.
0.