0.
0.
0.
0.
0.
0.
0.
0.
0.
0.
0.
0.
0.
-14.
0.
0.
0.
0.
0.
0.
0.
0.
0.
0.
0.
0.
0.
-48.641546028061235
0.
3.7416573867739413
0.
0.
0.
0.
0.
0.
0.
0.
0.
0.
0.
-114.47270417003347
0.
19.078784028338912
0.
0.
0.
0.
0.
0.
0.
0.
0.
0.
0.
-209.86662431172803
0.
57.23635208501673
0.
0.
0.
0.
0.
0.
0.
0.
0.
0.
0.
-316.3858403911275
0.
126.554336156451
0.
0.
0.
0.
0.
0.
0.
0.
0.
0.
0.
-402.6934317815477
0.
223.71857321197095
0.
0.
0.
0.
0.
0.
0.
0.
0.
0.
0.
-438.3970802822482
0.
328.79781021168617
0.
0.
0.
0.
0.
0.
0.
0.
0.
0.
0.
-410.08291844455067
0.
410.08291844455067
0.
0.
0.
0.
0.
0.
0.
0.
0.
0.
0.
-328.79781021168617
0.
438.3970802822482
0.
0.
0.
0.
0.
0.
0.
0.
0.
0.
0.
-223.71857321197095
0.
402.6934317815477
0.
0.
0.
0.
0.
0.
0.
0.
0.
0.
0.
-126.554336156451
0.
316.3858403911275
0.
0.
0.
0.
0.
0.
0.
0.
0.
0.
0.
-57.23635208501673
0.
209.86662431172803
0.
0.
0.
0.
0.
0.
0.
0.
0.
0.
0.
-19.078784028338912
0.
114.47270417003347
0.
0.
0.
0.
0.
0.
0.
0.
0.
0.
0.
-3.7416573867739413
0.
48.641546028061235
0.
0.
0.
0.
0.
0.
0.
0.
0.
0.
0.
0.
0.
14.
0.
0.
0.
0.
0.
0.
0.
0.
0.
0.
0.
0.
0.
0.
0.
0.
0.
0.
0.
0.
0.
0.
0.
0.
0.
48.641546028061235
0.
-3.7416573867739413
0.
0.
0.
0.
0.
0.
0.
0.
0.
0.
0.
156.
0.
-40.
0.
0.
0.
0.
0.
0.
0.
0.
0.
0.
0.
336.5352878971238
0.
-158.0696049213763
0.
5.0990195135927845
0.
0.
0.
0.
0.
0.
0.
0.
0.
560.8921464952062
0.
-407.9215610874228
0.
30.594117081556707
0.
0.
0.
0.
0.
0.
0.
0.
0.
761.0190536379494
0.
-794.8421226885249
0.
101.46920715172658
0.
0.
0.
0.
0.
0.
0.
0.
0.
860.9947735033006
0.
-1243.6591172825454
0.
239.16521486202797
0.
0.
0.
0.
0.
0.
0.
0.
0.
820.1658368891013
0.
-1611.040036746449
0.
439.3745554763043
0.
0.
0.
0.
0.
0.
0.
0.
0.
657.5956204233723
0.
-1753.588321128993
0.
657.5956204233723
0.
0.
0.
0.
0.
0.
0.
0.
0.
439.3745554763043
0.
-1611.040036746449
0.
820.1658368891013
0.
0.
0.
0.
0.
0.
0.
0.
0.
239.16521486202797
0.
-1243.6591172825454
0.
860.9947735033006
0.
0.
0.
0.
0.
0.
0.
0.
0.
101.46920715172658
0.
-794.8421226885249
0.
761.0190536379494
0.
0.
0.
0.
0.
0.
0.
0.
0.
30.594117081556707
0.
-407.9215610874228
0.
560.8921464952062
0.
0.
0.
0.
0.
0.
0.
0.
0.
5.0990195135927845
0.
-158.0696049213763
0.
336.5352878971238
0.
0.
0.
0.
0.
0.
0.
0.
0.
0.
0.
-40.
0.
156.
0.
0.
0.
0.
0.
0.
0.
0.
0.
0.
0.
-3.7416573867739413
0.
48.641546028061235
0.
0.
0.
0.
0.
0.
0.
0.
0.
0.
0.
0.
0.
0.
0.
0.
0.
0.
0.
0.
0.
0.
0.
-114.47270417003347
0.
19.078784028338912
0.
0.
0.
0.
0.
0.
0.
0.
0.
0.
0.
-336.5352878971238
0.
158.0696049213763
0.
-5.0990195135927845
0.
0.
0.
0.
0.
0.
0.
0.
0.
-660.
0.
552.
0.
-62.
0.
0.
0.
0.
0.
0.
0.
0.
0.
-990.
0.
1276.
0.
-276.
0.
6.
0.
0.
0.
0.
0.
0.
0.
-1193.984924527944
0.
2222.138609538118
0.
-769.4569513624527
0.
39.7994974842648
0.
0.
0.
0.
0.
0.
0.
-1181.9847714755042
0.
3081.603154203993
0.
-1571.289279540849
0.
140.7124727947029
0.
0.
0.
0.
0.
0.
0.
-965.0865246183888
0.
3492.6940890951214
0.
-2516.1184391836564
0.
344.6737587922817
0.
0.
0.
0.
0.
0.
0.
-644.8255578061403
0.
3267.1161595511107
0.
-3267.1161595511107
0.
644.8255578061403
0.
0.
0.
0.
0.
0.
0.
-344.6737587922817
0.
2516.1184391836564
0.
-3492.6940890951214
0.
965.0865246183888
0.
0.
0.
0.
0.
0.
0.
-140.7124727947029
0.
1571.289279540849
0.
-3081.603154203993
0.
1181.9847714755042
0.
0.
0.
0.
0.
0.
0.
-39.7994974842648
0.
769.4569513624527
0.
-2222.138609538118
0.
1193.984924527944
0.
0.
0.
0.
0.
0.
0.
-6.
0.
276.
0.
-1276.
0.
990.
0.
0.
0.
0.
0.
0.
0.
0.
0.
62.
0.
-552.
0.
660.
0.
0.
0.
0.
0.
0.
0.
0.
0.
5.0990195135927845
0.
-158.0696049213763
0.
336.5352878971238
0.
0.
0.
0.
0.
0.
0.
0.
0.
0.
0.
-19.078784028338912
0.
114.47270417003347
0.
0.
0.
0.
0.
0.
0.
0.
0.
0.
0.
0.
0.
0.
0.
0.
0.
0.
0.
0.
0.
209.86662431172803
0.
-57.23635208501673
0.
0.
0.
0.
0.
0.
0.
0.
0.
0.
0.
560.8921464952062
0.
-407.9215610874228
0.
30.594117081556707
0.
0.
0.
0.
0.
0.
0.
0.
0.
990.
0.
-1276.
0.
276.
0.
-6.
0.
0.
0.
0.
0.
0.
0.
1320.
0.
-2640.
0.
1056.
0.
-80.
0.
0.
0.
0.
0.
0.
0.
1392.982411949268
0.
-4079.448492137142
0.
2586.967336477212
0.
-384.72847568122637
0.
6.6332495807108
0.
0.
0.
0.
0.
1181.9847714755042
0.
-4953.079042373542
0.
4643.511602225195
0.
-1125.6997823576232
0.
46.9041575982343
0.
0.
0.
0.
0.
804.238770515324
0.
-4825.432623091944
0.
6479.866665294896
0.
-2355.2706850805916
0.
172.33687939614086
0.
0.
0.
0.
0.
429.88370520409353
0.
-3782.9766057960233
0.
7222.0462474287715
0.
-3782.9766057960233
0.
429.88370520409353
0.
0.
0.
0.
0.
172.33687939614086
0.
-2355.2706850805916
0.
6479.866665294896
0.
-4825.432623091944
0.
804.238770515324
0.
0.
0.
0.
0.
46.9041575982343
0.
-1125.6997823576232
0.
4643.511602225195
0.
-4953.079042373542
0.
1181.9847714755042
0.
0.
0.
0.
0.
6.6332495807108
0.
-384.72847568122637
0.
2586.967336477212
0.
-4079.448492137142
0.
1392.982411949268
0.
0.
0.
0.
0.
0.
0.
-80.
0.
1056.
0.
-2640.
0.
1320.
0.
0.
0.
0.
0.
0.
0.
-6.
0.
276.
0.
-1276.
0.
990.
0.
0.
0.
0.
0.
0.
0.
0.
0.
30.594117081556707
0.
-407.9215610874228
0.
560.8921464952062
0.
0.
0.
0.
0.
0.
0.
0.
0.
0.
0.
-57.23635208501673
0.
209.86662431172803
0.
0.
0.
0.
0.
0.
0.
0.
0.
0.
0.
0.
0.
0.
0.
0.
0.
0.
0.
-316.3858403911275
0.
126.554336156451
0.
0.
0.
0.
0.
0.
0.
0.
0.
0.
0.
-761.0190536379494
0.
794.8421226885249
0.
-101.46920715172658
0.
0.
0.
0.
0.
0.
0.
0.
0.
-1193.984924527944
0.
2222.138609538118
0.
-769.4569513624527
0.
39.7994974842648
0.
0.
0.
0.
0.
0.
0.
-1392.982411949268
0.
4079.448492137142
0.
-2586.967336477212
0.
384.72847568122637
0.
-6.6332495807108
0.
0.
0.
0.
0.
-1260.
0.
5520.
0.
-5580.
0.
1560.
0.
-94.
0.
0.
0.
0.
0.
-890.9545442950499
0.
5761.50605310799
0.
-8739.839815465728
0.
3945.6558390209357
0.
-473.76154339498686
0.
7.0710678118654755
0.
0.
0.
-484.9742261192856
0.
4704.249993357071
0.
-10475.44328417657
0.
7136.049327183774
0.
-1420.2816622064793
0.
51.96152422706631
0.
0.
0.
-194.42222095223582
0.
2981.140721267616
0.
-9798.879935992685
0.
9798.879935992685
0.
-2981.140721267616
0.
194.42222095223582
0.
0.
0.
-51.96152422706631
0.
1420.2816622064793
0.
-7136.049327183774
0.
10475.44328417657
0.
-4704.249993357071
0.
484.9742261192856
0.
0.
0.
-7.0710678118654755
0.
473.76154339498686
0.
-3945.6558390209357
0.
8739.839815465728
0.
-5761.50605310799
0.
890.9545442950499
0.
0.
0.
0.
0.
94.
0.
-1560.
0.
5580.
0.
-5520.
0.
1260.
0.
0.
0.
0.
0.
6.6332495807108
0.
-384.72847568122637
0.
2586.967336477212
0.
-4079.448492137142
0.
1392.982411949268
0.
0.
0.
0.
0.
0.
0.
-39.7994974842648
0.
769.4569513624527
0.
-2222.138609538118
0.
1193.984924527944
0.
0.
0.
0.
0.
0.
0.
0.
0.
101.46920715172658
0.
-794.8421226885249
0.
761.0190536379494
0.
0.
0.
0.
0.
0.
0.
0.
0.
0.
0.
-126.554336156451
0.
316.3858403911275
0.
0.
0.
0.
0.
0.
0.
0.
0.
0.
0.
0.
0.
0.
0.
0.
0.
402.6934317815477
0.
-223.71857321197095
0.
0.
0.
0.
0.
0.
0.
0.
0.
0.
0.
860.9947735033006
0.
-1243.6591172825454
0.
239.16521486202797
0.
0.
0.
0.
0.
0.
0.
0.
0.
1181.9847714755042
0.
-3081.603154203993
0.
1571.289279540849
0.
-140.7124727947029
0.
0.
0.
0.
0.
0.
0.
1181.9847714755042
0.
-4953.079042373542
0.
4643.511602225195
0.
-1125.6997823576232
0.
46.9041575982343
0.
0.
0.
0.
0.
890.9545442950499
0.
-5761.50605310799
0.
8739.839815465728
0.
-3945.6558390209357
0.
473.76154339498686
0.
-7.0710678118654755
0.
0.
0.
504.
0.
-5040.
0.
11760.
0.
-8640.
0.
1980.
0.
-104.
0.
0.
0.
205.75713839378693
0.
-3326.407070699556
0.
11831.035457642749
0.
-13374.213995596152
0.
5045.948870133347
0.
-536.4382536695159
0.
7.348469228349534
0.
54.99090833947008
0.
-1613.0666446244556
0.
8981.848362113446
0.
-15397.454335051621
0.
8981.848362113446
0.
-1613.0666446244556
0.
54.99090833947008
0.
7.348469228349534
0.
-536.4382536695159
0.
5045.948870133347
0.
-13374.213995596152
0.
11831.035457642749
0.
-3326.407070699556
0.
205.75713839378693
0.
0.
0.
-104.
0.
1980.
0.
-8640.
0.
11760.
0.
-5040.
0.
504.
0.
0.
0.
-7.0710678118654755
0.
473.76154339498686
0.
-3945.6558390209357
0.
8739.839815465728
0.
-5761.50605310799
0.
890.9545442950499
0.
0.
0.
0.
0.
46.9041575982343
0.
-1125.6997823576232
0.
4643.511602225195
0.
-4953.079042373542
0.
1181.9847714755042
0.
0.
0.
0.
0.
0.
0.
-140.7124727947029
0.
1571.289279540849
0.
-3081.603154203993
0.
1181.9847714755042
0.
0.
0.
0.
0.
0.
0.
0.
0.
239.16521486202797
0.
-1243.6591172825454
0.
860.9947735033006
0.
0.
0.
0.
0.
0.
0.
0.
0.
0.
0.
-223.71857321197095
0.
402.6934317815477
0.
0.
0.
0.
0.
0.
0.
0.
0.
0.
0.
0.
0.
0.
0.
-438.3970802822482
0.
328.79781021168617
0.
0.
0.
0.
0.
0.
0.
0.
0.
0.
0.
-820.1658368891013
0.
1611.040036746449
0.
-439.3745554763043
0.
0.
0.
0.
0.
0.
0.
0.
0.
-965.0865246183888
0.
3492.6940890951214
0.
-2516.1184391836564
0.
344.6737587922817
0.
0.
0.
0.
0.
0.
0.
-804.238770515324
0.
4825.432623091944
0.
-6479.866665294896
0.
2355.2706850805916
0.
-172.33687939614086
0.
0.
0.
0.
0.
-484.9742261192856
0.
4704.249993357071
0.
-10475.44328417657
0.
7136.049327183774
0.
-1420.2816622064793
0.
51.96152422706631
0.
0.
0.
-205.75713839378693
0.
3326.407070699556
0.
-11831.035457642749
0.
13374.213995596152
0.
-5045.948870133347
0.
536.4382536695159
0.
-7.348469228349534
0.
-56.
0.
1680.
0.
-9660.
0.
17360.
0.
-10920.
0.
2256.
0.
-110.
0.
-7.483314773547883
0.
568.731922789639
0.
-5657.385968802199
0.
16238.793058598905
0.
-16238.793058598905
0.
5657.385968802199
0.
-568.731922789639
0.
7.483314773547883
0.
110.
0.
-2256.
0.
10920.
0.
-17360.
0.
9660.
0.
-1680.
0.
56.
0.
7.348469228349534
0.
-536.4382536695159
0.
5045.948870133347
0.
-13374.213995596152
0.
11831.035457642749
0.
-3326.407070699556
0.
205.75713839378693
0.
0.
0.
-51.96152422706631
0.
1420.2816622064793
0.
-7136.049327183774
0.
10475.44328417657
0.
-4704.249993357071
0.
484.9742261192856
0.
0.
0.
0.
0.
172.33687939614086
0.
-2355.2706850805916
0.
6479.866665294896
0.
-4825.432623091944
0.
804.238770515324
0.
0.
0.
0.
0.
0.
0.
-344.6737587922817
0.
2516.1184391836564
0.
-3492.6940890951214
0.
965.0865246183888
0.
0.
0.
0.
0.
0.
0.
0.
0.
439.3745554763043
0.
-1611.040036746449
0.
820.1658368891013
0.
0.
0.
0.
0.
0.
0.
0.
0.
0.
0.
-328.79781021168617
0.
438.3970802822482
0.
0.
0.
0.
0.
0.
0.
0.
0.
0.
0.
0.
0.
410.08291844455067
0.
-410.08291844455067
0.
0.
0.
0.
0.
0.
0.
0.
0.
0.
0.
657.5956204233723
0.
-1753.588321128993
0.
657.5956204233723
0.
0.
0.
0.
0.
0.
0.
0.
0.
644.8255578061403
0.
-3267.1161595511107
0.
3267.1161595511107
0.
-644.8255578061403
0.
0.
0.
0.
0.
0.
0.
429.88370520409353
0.
-3782.9766057960233
0.
7222.0462474287715
0.
-3782.9766057960233
0.
429.88370520409353
0.
0.
0.
0.
0.
194.42222095223582
0.
-2981.140721267616
0.
9798.879935992685
0.
-9798.879935992685
0.
2981.140721267616
0.
-194.42222095223582
0.
0.
0.
54.99090833947008
0.
-1613.0666446244556
0.
8981.848362113446
0.
-15397.454335051621
0.
8981.848362113446
0.
-1613.0666446244556
0.
54.99090833947008
0.
7.483314773547883
0.
-568.731922789639
0.
5657.385968802199
0.
-16238.793058598905
0.
16238.793058598905
0.
-5657.385968802199
0.
568.731922789639
0.
-7.483314773547883
0.
-112.
0.
2352.
0.
-11760.
0.
19600.
0.
-11760.
0.
2352.
0.
-112.
0.
-7.483314773547883
0.
568.731922789639
0.
-5657.385968802199
0.
16238.793058598905
0.
-16238.793058598905
0.
5657.385968802199
0.
-568.731922789639
0.
7.483314773547883
0.
54.99090833947008
0.
-1613.0666446244556
0.
8981.848362113446
0.
-15397.454335051621
0.
8981.848362113446
0.
-1613.0666446244556
0.
54.99090833947008
0.
0.
0.
-194.42222095223582
0.
2981.140721267616
0.
-9798.879935992685
0.
9798.879935992685
0.
-2981.140721267616
0.
194.42222095223582
0.
0.
0.
0.
0.
429.88370520409353
0.
-3782.9766057960233
0.
7222.0462474287715
0.
-3782.9766057960233
0.
429.88370520409353
0.
0.
0.
0.
0.
0.
0.
-644.8255578061403
0.
3267.1161595511107
0.
-3267.1161595511107
0.
644.8255578061403
0.
0.
0.
0.
0.
0.
0.
0.
0.
657.5956204233723
0.
-1753.588321128993
0.
657.5956204233723
0.
0.
0.
0.
0.
0.
0.
0.
0.
0.
0.
-410.08291844455067
0.
410.08291844455067
0.
0.
0.
0.
0.
0.
0.
0.
0.
0.
0.
-328.79781021168617
0.
438.3970802822482
0.
0.
0.
0.
0.
0.
0.
0.
0.
0.
0.
-439.3745554763043
0.
1611.040036746449
0.
-820.1658368891013
0.
0.
0.
0.
0.
0.
0.
0.
0.
-344.6737587922817
0.
2516.1184391836564
0.
-3492.6940890951214
0.
965.0865246183888
0.
0.
0.
0.
0.
0.
0.
-172.33687939614086
0.
2355.2706850805916
0.
-6479.866665294896
0.
4825.432623091944
0.
-804.238770515324
0.
0.
0.
0.
0.
-51.96152422706631
0.
1420.2816622064793
0.
-7136.049327183774
0.
10475.44328417657
0.
-4704.249993357071
0.
484.9742261192856
0.
0.
0.
-7.348469228349534
0.
536.4382536695159
0.
-5045.948870133347
0.
13374.213995596152
0.
-11831.035457642749
0.
3326.407070699556
0.
-205.75713839378693
0.
0.
0.
110.
0.
-2256.
0.
10920.
0.
-17360.
0.
9660.
0.
-1680.
0.
56.
0.
7.483314773547883
0.
-568.731922789639
0.
5657.385968802199
0.
-16238.793058598905
0.
16238.793058598905
0.
-5657.385968802199
0.
568.731922789639
0.
-7.483314773547883
0.
-56.
0.
1680.
0.
-9660.
0.
17360.
0.
-10920.
0.
2256.
0.
-110.
0.
0.
0.
205.75713839378693
0.
-3326.407070699556
0.
11831.035457642749
0.
-13374.213995596152
0.
5045.948870133347
0.
-536.4382536695159
0.
7.348469228349534
0.
0.
0.
-484.9742261192856
0.
4704.249993357071
0.
-10475.44328417657
0.
7136.049327183774
0.
-1420.2816622064793
0.
51.96152422706631
0.
0.
0.
0.
0.
804.238770515324
0.
-4825.432623091944
0.
6479.866665294896
0.
-2355.2706850805916
0.
172.33687939614086
0.
0.
0.
0.
0.
0.
0.
-965.0865246183888
0.
3492.6940890951214
0.
-2516.1184391836564
0.
344.6737587922817
0.
0.
0.
0.
0.
0.
0.
0.
0.
820.1658368891013
0.
-1611.040036746449
0.
439.3745554763043
0.
0.
0.
0.
0.
0.
0.
0.
0.
0.
0.
-438.3970802822482
0.
328.79781021168617
0.
0.
0.
0.
0.
0.
0.
0.
0.
223.71857321197095
0.
-402.6934317815477
0.
0.
0.
0.
0.
0.
0.
0.
0.
0.
0.
239.16521486202797
0.
-1243.6591172825454
0.
860.9947735033006
0.
0.
0.
0.
0.
0.
0.
0.
0.
140.7124727947029
0.
-1571.289279540849
0.
3081.603154203993
0.
-1181.9847714755042
0.
0.
0.
0.
0.
0.
0.
46.9041575982343
0.
-1125.6997823576232
0.
4643.511602225195
0.
-4953.079042373542
0.
1181.9847714755042
0.
0.
0.
0.
0.
7.0710678118654755
0.
-473.76154339498686
0.
3945.6558390209357
0.
-8739.839815465728
0.
5761.50605310799
0.
-890.9545442950499
0.
0.
0.
0.
0.
-104.
0.
1980.
0.
-8640.
0.
11760.
0.
-5040.
0.
504.
0.
0.
0.
-7.348469228349534
0.
536.4382536695159
0.
-5045.948870133347
0.
13374.213995596152
0.
-11831.035457642749
0.
3326.407070699556
0.
-205.75713839378693
0.
0.
0.
54.99090833947008
0.
-1613.0666446244556
0.
8981.848362113446
0.
-15397.454335051621
0.
8981.848362113446
0.
-1613.0666446244556
0.
54.99090833947008
0.
0.
0.
-205.75713839378693
0.
3326.407070699556
0.
-11831.035457642749
0.
13374.213995596152
0.
-5045.948870133347
0.
536.4382536695159
0.
-7.348469228349534
0.
0.
0.
504.
0.
-5040.
0.
11760.
0.
-8640.
0.
1980.
0.
-104.
0.
0.
0.
0.
0.
-890.9545442950499
0.
5761.50605310799
0.
-8739.839815465728
0.
3945.6558390209357
0.
-473.76154339498686
0.
7.0710678118654755
0.
0.
0.
0.
0.
1181.9847714755042
0.
-4953.079042373542
0.
4643.511602225195
0.
-1125.6997823576232
0.
46.9041575982343
0.
0.
0.
0.
0.
0.
0.
-1181.9847714755042
0.
3081.603154203993
0.
-1571.289279540849
0.
140.7124727947029
0.
0.
0.
0.
0.
0.
0.
0.
0.
860.9947735033006
0.
-1243.6591172825454
0.
239.16521486202797
0.
0.
0.
0.
0.
0.
0.
0.
0.
0.
0.
-402.6934317815477
0.
223.71857321197095
0.
0.
0.
0.
0.
0.
0.
-126.554336156451
0.
316.3858403911275
0.
0.
0.
0.
0.
0.
0.
0.
0.
0.
0.
-101.46920715172658
0.
794.8421226885249
0.
-761.0190536379494
0.
0.
0.
0.
0.
0.
0.
0.
0.
-39.7994974842648
0.
769.4569513624527
0.
-2222.138609538118
0.
1193.984924527944
0.
0.
0.
0.
0.
0.
0.
-6.6332495807108
0.
384.72847568122637
0.
-2586.967336477212
0.
4079.448492137142
0.
-1392.982411949268
0.
0.
0.
0.
0.
0.
0.
94.
0.
-1560.
0.
5580.
0.
-5520.
0.
1260.
0.
0.
0.
0.
0.
7.0710678118654755
0.
-473.76154339498686
0.
3945.6558390209357
0.
-8739.839815465728
0.
5761.50605310799
0.
-890.9545442950499
0.
0.
0.
0.
0.
-51.96152422706631
0.
1420.2816622064793
0.
-7136.049327183774
0.
10475.44328417657
0.
-4704.249993357071
0.
484.9742261192856
0.
0.
0.
0.
0.
194.42222095223582
0.
-2981.140721267616
0.
9798.879935992685
0.
-9798.879935992685
0.
2981.140721267616
0.
-194.42222095223582
0.
0.
0.
0.
0.
-484.9742261192856
0.
4704.249993357071
0.
-10475.44328417657
0.
7136.049327183774
0.
-1420.2816622064793
0.
51.96152422706631
0.
0.
0.
0.
0.
890.9545442950499
0.
-5761.50605310799
0.
8739.839815465728
0.
-3945.6558390209357
0.
473.76154339498686
0.
-7.0710678118654755
0.
0.
0.
0.
0.
-1260.
0.
5520.
0.
-5580.
0.
1560.
0.
-94.
0.
0.
0.
0.
0.
0.
0.
1392.982411949268
0.
-4079.448492137142
0.
2586.967336477212
0.
-384.72847568122637
0.
6.6332495807108
0.
0.
0.
0.
0.
0.
0.
-1193.984924527944
0.
2222.138609538118
0.
-769.4569513624527
0.
39.7994974842648
0.
0.
0.
0.
0.
0.
0.
0.
0.
761.0190536379494
0.
-794.8421226885249
0.
101.46920715172658
0.
0.
0.
0.
0.
0.
0.
0.
0.
0.
0.
-316.3858403911275
0.
126.554336156451
0.
0.
0.
0.
0.
57.23635208501673
0.
-209.86662431172803
0.
0.
0.
0.
0.
0.
0.
0.
0.
0.
0.
30.594117081556707
0.
-407.9215610874228
0.
560.8921464952062
0.
0.
0.
0.
0.
0.
0.
0.
0.
6.
0.
-276.
0.
1276.
0.
-990.
0.
0.
0.
0.
0.
0.
0.
0.
0.
-80.
0.
1056.
0.
-2640.
0.
1320.
0.
0.
0.
0.
0.
0.
0.
-6.6332495807108
0.
384.72847568122637
0.
-2586.967336477212
0.
4079.448492137142
0.
-1392.982411949268
0.
0.
0.
0.
0.
0.
0.
46.9041575982343
0.
-1125.6997823576232
0.
4643.511602225195
0.
-4953.079042373542
0.
1181.9847714755042
0.
0.
0.
0.
0.
0.
0.
-172.33687939614086
0.
2355.2706850805916
0.
-6479.866665294896
0.
4825.432623091944
0.
-804.238770515324
0.
0.
0.
0.
0.
0.
0.
429.88370520409353
0.
-3782.9766057960233
0.
7222.0462474287715
0.
-3782.9766057960233
0.
429.88370520409353
0.
0.
0.
0.
0.
0.
0.
-804.238770515324
0.
4825.432623091944
0.
-6479.866665294896
0.
2355.2706850805916
0.
-172.33687939614086
0.
0.
0.
0.
0.
0.
0.
1181.9847714755042
0.
-4953.079042373542
0.
4643.511602225195
0.
-1125.6997823576232
0.
46.9041575982343
0.
0.
0.
0.
0.
0.
0.
-1392.982411949268
0.
4079.448492137142
0.
-2586.967336477212
0.
384.72847568122637
0.
-6.6332495807108
0.
0.
0.
0.
0.
0.
0.
1320.
0.
-2640.
0.
1056.
0.
-80.
0.
0.
0.
0.
0.
0.
0.
0.
0.
-990.
0.
1276.
0.
-276.
0.
6.
0.
0.
0.
0.
0.
0.
0.
0.
0.
560.8921464952062
0.
-407.9215610874228
0.
30.594117081556707
0.
0.
0.
0.
0.
0.
0.
0.
0.
0.
0.
-209.86662431172803
0.
57.23635208501673
0.
0.
0.
-19.078784028338912
0.
114.47270417003347
0.
0.
0.
0.
0.
0.
0.
0.
0.
0.
0.
-5.0990195135927845
0.
158.0696049213763
0.
-336.5352878971238
0.
0.
0.
0.
0.
0.
0.
0.
0.
0.
0.
62.
0.
-552.
0.
660.
0.
0.
0.
0.
0.
0.
0.
0.
0.
6.
0.
-276.
0.
1276.
0.
-990.
0.
0.
0.
0.
0.
0.
0.
0.
0.
-39.7994974842648
0.
769.4569513624527
0.
-2222.138609538118
0.
1193.984924527944
0.
0.
0.
0.
0.
0.
0.
0.
0.
140.7124727947029
0.
-1571.289279540849
0.
3081.603154203993
0.
-1181.9847714755042
0.
0.
0.
0.
0.
0.
0.
0.
0.
-344.6737587922817
0.
2516.1184391836564
0.
-3492.6940890951214
0.
965.0865246183888
0.
0.
0.
0.
0.
0.
0.
0.
0.
644.8255578061403
0.
-3267.1161595511107
0.
3267.1161595511107
0.
-644.8255578061403
0.
0.
0.
0.
0.
0.
0.
0.
0.
-965.0865246183888
0.
3492.6940890951214
0.
-2516.1184391836564
0.
344.6737587922817
0.
0.
0.
0.
0.
0.
0.
0.
0.
1181.9847714755042
0.
-3081.603154203993
0.
1571.289279540849
0.
-140.7124727947029
0.
0.
0.
0.
0.
0.
0.
0.
0.
-1193.984924527944
0.
2222.138609538118
0.
-769.4569513624527
0.
39.7994974842648
0.
0.
0.
0.
0.
0.
0.
0.
0.
990.
0.
-1276.
0.
276.
0.
-6.
0.
0.
0.
0.
0.
0.
0.
0.
0.
-660.
0.
552.
0.
-62.
0.
0.
0.
0.
0.
0.
0.
0.
0.
0.
0.
336.5352878971238
0.
-158.0696049213763
0.
5.0990195135927845
0.
0.
0.
0.
0.
0.
0.
0.
0.
0.
0.
-114.47270417003347
0.
19.078784028338912
0.
3.7416573867739413
0.
-48.641546028061235
0.
0.
0.
0.
0.
0.
0.
0.
0.
0.
0.
0.
0.
-40.
0.
156.
0.
0.
0.
0.
0.
0.
0.
0.
0.
0.
0.
-5.0990195135927845
0.
158.0696049213763
0.
-336.5352878971238
0.
0.
0.
0.
0.
0.
0.
0.
0.
0.
0.
30.594117081556707
0.
-407.9215610874228
0.
560.8921464952062
0.
0.
0.
0.
0.
0.
0.
0.
0.
0.
0.
-101.46920715172658
0.
794.8421226885249
0.
-761.0190536379494
0.
0.
0.
0.
0.
0.
0.
0.
0.
0.
0.
239.16521486202797
0.
-1243.6591172825454
0.
860.9947735033006
0.
0.
0.
0.
0.
0.
0.
0.
0.
0.
0.
-439.3745554763043
0.
1611.040036746449
0.
-820.1658368891013
0.
0.
0.
0.
0.
0.
0.
0.
0.
0.
0.
657.5956204233723
0.
-1753.588321128993
0.
657.5956204233723
0.
0.
0.
0.
0.
0.
0.
0.
0.
0.
0.
-820.1658368891013
0.
1611.040036746449
0.
-439.3745554763043
0.
0.
0.
0.
0.
0.
0.
0.
0.
0.
0.
860.9947735033006
0.
-1243.6591172825454
0.
239.16521486202797
0.
0.
0.
0.
0.
0.
0.
0.
0.
0.
0.
-761.0190536379494
0.
794.8421226885249
0.
-101.46920715172658
0.
0.
0.
0.
0.
0.
0.
0.
0.
0.
0.
560.8921464952062
0.
-407.9215610874228
0.
30.594117081556707
0.
0.
0.
0.
0.
0.
0.
0.
0.
0.
0.
-336.5352878971238
0.
158.0696049213763
0.
-5.0990195135927845
0.
0.
0.
0.
0.
0.
0.
0.
0.
0.
0.
156.
0.
-40.
0.
0.
0.
0.
0.
0.
0.
0.
0.
0.
0.
0.
0.
-48.641546028061235
0.
3.7416573867739413
0.
14.
0.
0.
0.
0.
0.
0.
0.
0.
0.
0.
0.
0.
0.
3.7416573867739413
0.
-48.641546028061235
0.
0.
0.
0.
0.
0.
0.
0.
0.
0.
0.
0.
0.
-19.078784028338912
0.
114.47270417003347
0.
0.
0.
0.
0.
0.
0.
0.
0.
0.
0.
0.
0.
57.23635208501673
0.
-209.86662431172803
0.
0.
0.
0.
0.
0.
0.
0.
0.
0.
0.
0.
0.
-126.554336156451
0.
316.3858403911275
0.
0.
0.
0.
0.
0.
0.
0.
0.
0.
0.
0.
0.
223.71857321197095
0.
-402.6934317815477
0.
0.
0.
0.
0.
0.
0.
0.
0.
0.
0.
0.
0.
-328.79781021168617
0.
438.3970802822482
0.
0.
0.
0.
0.
0.
0.
0.
0.
0.
0.
0.
0.
410.08291844455067
0.
-410.08291844455067
0.
0.
0.
0.
0.
0.
0.
0.
0.
0.
0.
0.
0.
-438.3970802822482
0.
328.79781021168617
0.
0.
0.
0.
0.
0.
0.
0.
0.
0.
0.
0.
0.
402.6934317815477
0.
-223.71857321197095
0.
0.
0.
0.
0.
0.
0.
0.
0.
0.
0.
0.
0.
-316.3858403911275
0.
126.554336156451
0.
0.
0.
0.
0.
0.
0.
0.
0.
0.
0.
0.
0.
209.86662431172803
0.
-57.23635208501673
0.
0.
0.
0.
0.
0.
0.
0.
0.
0.
0.
0.
0.
-114.47270417003347
0.
19.078784028338912
0.
0.
0.
0.
0.
0.
0.
0.
0.
0.
0.
0.
0.
48.641546028061235
0.
-3.7416573867739413
0.
0.
0.
0.
0.
0.
0.
0.
0.
0.
0.
0.
0.
-14.
0.