1.
0.
0.
0.
0.
0.
0.
0.
0.
0.
2.8284271247461903
0.
0.
0.
0.
0.
0.
0.
0.
0.
5.291502622129181
0.
0.
0.
0.
0.
0.
0.
0.
0.
7.483314773547883
0.
0.
0.
0.
0.
0.
0.
0.
0.
8.366600265340756
0.
0.
0.
0.
0.
0.
0.
0.
0.
7.483314773547883
0.
0.
0.
0.
0.
0.
0.
0.
0.
5.291502622129181
0.
0.
0.
0.
0.
0.
0.
0.
0.
2.8284271247461903
0.
0.
0.
0.
0.
0.
0.
0.
0.
1.
0.
-2.8284271247461903
0.
0.
0.
0.
0.
0.
0.
1.
0.
-7.
0.
0.
0.
0.
0.
0.
0.
3.7416573867739413
0.
-11.224972160321824
0.
0.
0.
0.
0.
0.
0.
7.937253933193772
0.
-13.228756555322953
0.
0.
0.
0.
0.
0.
0.
11.832159566199232
0.
-11.832159566199232
0.
0.
0.
0.
0.
0.
0.
13.228756555322953
0.
-7.937253933193772
0.
0.
0.
0.
0.
0.
0.
11.224972160321824
0.
-3.7416573867739413
0.
0.
0.
0.
0.
0.
0.
7.
0.
-1.
0.
0.
0.
0.
0.
0.
0.
2.8284271247461903
0.
0.
0.
5.291502622129181
0.
0.
0.
0.
0.
0.
0.
-3.7416573867739413
0.
11.224972160321824
0.
0.
0.
0.
0.
1.
0.
-12.
0.
15.
0.
0.
0.
0.
0.
4.242640687119286
0.
-21.213203435596427
0.
14.142135623730951
0.
0.
0.
0.
0.
9.486832980505138
0.
-25.298221281347036
0.
9.486832980505138
0.
0.
0.
0.
0.
14.142135623730951
0.
-21.213203435596427
0.
4.242640687119286
0.
0.
0.
0.
0.
15.
0.
-12.
0.
1.
0.
0.
0.
0.
0.
11.224972160321824
0.
-3.7416573867739413
0.
0.
0.
0.
0.
0.
0.
5.291502622129181
0.
0.
0.
0.
0.
-7.483314773547883
0.
0.
0.
0.
0.
0.
0.
7.937253933193772
0.
-13.228756555322953
0.
0.
0.
0.
0.
-4.242640687119286
0.
21.213203435596427
0.
-14.142135623730951
0.
0.
0.
1.
0.
-15.
0.
30.
0.
-10.
0.
0.
0.
4.47213595499958
0.
-26.832815729997478
0.
26.832815729997478
0.
-4.47213595499958
0.
0.
0.
10.
0.
-30.
0.
15.
0.
-1.
0.
0.
0.
14.142135623730951
0.
-21.213203435596427
0.
4.242640687119286
0.
0.
0.
0.
0.
13.228756555322953
0.
-7.937253933193772
0.
0.
0.
0.
0.
0.
0.
7.483314773547883
0.
0.
0.
0.
0.
0.
0.
8.366600265340756
0.
0.
0.
0.
0.
0.
0.
-11.832159566199232
0.
11.832159566199232
0.
0.
0.
0.
0.
9.486832980505138
0.
-25.298221281347036
0.
9.486832980505138
0.
0.
0.
-4.47213595499958
0.
26.832815729997478
0.
-26.832815729997478
0.
4.47213595499958
0.
1.
0.
-16.
0.
36.
0.
-16.
0.
1.
0.
4.47213595499958
0.
-26.832815729997478
0.
26.832815729997478
0.
-4.47213595499958
0.
0.
0.
9.486832980505138
0.
-25.298221281347036
0.
9.486832980505138
0.
0.
0.
0.
0.
11.832159566199232
0.
-11.832159566199232
0.
0.
0.
0.
0.
0.
0.
8.366600265340756
0.
0.
0.
0.
0.
0.
0.
0.
0.
-7.483314773547883
0.
0.
0.
0.
0.
0.
0.
13.228756555322953
0.
-7.937253933193772
0.
0.
0.
0.
0.
-14.142135623730951
0.
21.213203435596427
0.
-4.242640687119286
0.
0.
0.
10.
0.
-30.
0.
15.
0.
-1.
0.
-4.47213595499958
0.
26.832815729997478
0.
-26.832815729997478
0.
4.47213595499958
0.
1.
0.
-15.
0.
30.
0.
-10.
0.
0.
0.
4.242640687119286
0.
-21.213203435596427
0.
14.142135623730951
0.
0.
0.
0.
0.
7.937253933193772
0.
-13.228756555322953
0.
0.
0.
0.
0.
0.
0.
7.483314773547883
0.
0.
0.
0.
0.
0.
0.
0.
0.
0.
0.
5.291502622129181
0.
0.
0.
0.
0.
0.
0.
-11.224972160321824
0.
3.7416573867739413
0.
0.
0.
0.
0.
15.
0.
-12.
0.
1.
0.
0.
0.
-14.142135623730951
0.
21.213203435596427
0.
-4.242640687119286
0.
0.
0.
9.486832980505138
0.
-25.298221281347036
0.
9.486832980505138
0.
0.
0.
-4.242640687119286
0.
21.213203435596427
0.
-14.142135623730951
0.
0.
0.
1.
0.
-12.
0.
15.
0.
0.
0.
0.
0.
3.7416573867739413
0.
-11.224972160321824
0.
0.
0.
0.
0.
0.
0.
5.291502622129181
0.
0.
0.
0.
0.
0.
0.
0.
0.
0.
0.
0.
0.
-2.8284271247461903
0.
0.
0.
0.
0.
0.
0.
7.
0.
-1.
0.
0.
0.
0.
0.
-11.224972160321824
0.
3.7416573867739413
0.
0.
0.
0.
0.
13.228756555322953
0.
-7.937253933193772
0.
0.
0.
0.
0.
-11.832159566199232
0.
11.832159566199232
0.
0.
0.
0.
0.
7.937253933193772
0.
-13.228756555322953
0.
0.
0.
0.
0.
-3.7416573867739413
0.
11.224972160321824
0.
0.
0.
0.
0.
1.
0.
-7.
0.
0.
0.
0.
0.
0.
0.
2.8284271247461903
0.
0.
0.
0.
0.
0.
0.
0.
0.
0.
0.
0.
0.
0.
0.
1.
0.
0.
0.
0.
0.
0.
0.
-2.8284271247461903
0.
0.
0.
0.
0.
0.
0.
5.291502622129181
0.
0.
0.
0.
0.
0.
0.
-7.483314773547883
0.
0.
0.
0.
0.
0.
0.
8.366600265340756
0.
0.
0.
0.
0.
0.
0.
-7.483314773547883
0.
0.
0.
0.
0.
0.
0.
5.291502622129181
0.
0.
0.
0.
0.
0.
0.
-2.8284271247461903
0.
0.
0.
0.
0.
0.
0.
1.
0.
0.
0.
0.
0.
0.
0.
0.