1.
0.
0.
0.
0.
0.
0.
0.
0.
0.
0.
3.
0.
0.
0.
0.
0.
0.
0.
0.
0.
0.
6.
0.
0.
0.
0.
0.
0.
0.
0.
0.
0.
9.16515138991168
0.
0.
0.
0.
0.
0.
0.
0.
0.
0.
11.224972160321824
0.
0.
0.
0.
0.
0.
0.
0.
0.
0.
11.224972160321824
0.
0.
0.
0.
0.
0.
0.
0.
0.
0.
9.16515138991168
0.
0.
0.
0.
0.
0.
0.
0.
0.
0.
6.
0.
0.
0.
0.
0.
0.
0.
0.
0.
0.
3.
0.
0.
0.
0.
0.
0.
0.
0.
0.
0.
1.
0.
-3.
0.
0.
0.
0.
0.
0.
0.
0.
1.
0.
-8.
0.
0.
0.
0.
0.
0.
0.
0.
4.
0.
-14.
0.
0.
0.
0.
0.
0.
0.
0.
9.16515138991168
0.
-18.33030277982336
0.
0.
0.
0.
0.
0.
0.
0.
14.966629547095765
0.
-18.708286933869708
0.
0.
0.
0.
0.
0.
0.
0.
18.708286933869708
0.
-14.966629547095765
0.
0.
0.
0.
0.
0.
0.
0.
18.33030277982336
0.
-9.16515138991168
0.
0.
0.
0.
0.
0.
0.
0.
14.
0.
-4.
0.
0.
0.
0.
0.
0.
0.
0.
8.
0.
-1.
0.
0.
0.
0.
0.
0.
0.
0.
3.
0.
0.
0.
6.
0.
0.
0.
0.
0.
0.
0.
0.
-4.
0.
14.
0.
0.
0.
0.
0.
0.
1.
0.
-14.
0.
21.
0.
0.
0.
0.
0.
0.
4.58257569495584
0.
-27.49545416973504
0.
22.9128784747792
0.
0.
0.
0.
0.
0.
11.224972160321824
0.
-37.416573867739416
0.
18.708286933869708
0.
0.
0.
0.
0.
0.
18.708286933869708
0.
-37.416573867739416
0.
11.224972160321824
0.
0.
0.
0.
0.
0.
22.9128784747792
0.
-27.49545416973504
0.
4.58257569495584
0.
0.
0.
0.
0.
0.
21.
0.
-14.
0.
1.
0.
0.
0.
0.
0.
0.
14.
0.
-4.
0.
0.
0.
0.
0.
0.
0.
0.
6.
0.
0.
0.
0.
0.
-9.16515138991168
0.
0.
0.
0.
0.
0.
0.
0.
9.16515138991168
0.
-18.33030277982336
0.
0.
0.
0.
0.
0.
-4.58257569495584
0.
27.49545416973504
0.
-22.9128784747792
0.
0.
0.
0.
1.
0.
-18.
0.
45.
0.
-20.
0.
0.
0.
0.
4.898979485566356
0.
-36.74234614174767
0.
48.98979485566356
0.
-12.24744871391589
0.
0.
0.
0.
12.24744871391589
0.
-48.98979485566356
0.
36.74234614174767
0.
-4.898979485566356
0.
0.
0.
0.
20.
0.
-45.
0.
18.
0.
-1.
0.
0.
0.
0.
22.9128784747792
0.
-27.49545416973504
0.
4.58257569495584
0.
0.
0.
0.
0.
0.
18.33030277982336
0.
-9.16515138991168
0.
0.
0.
0.
0.
0.
0.
0.
9.16515138991168
0.
0.
0.
0.
0.
0.
0.
11.224972160321824
0.
0.
0.
0.
0.
0.
0.
0.
-14.966629547095765
0.
18.708286933869708
0.
0.
0.
0.
0.
0.
11.224972160321824
0.
-37.416573867739416
0.
18.708286933869708
0.
0.
0.
0.
-4.898979485566356
0.
36.74234614174767
0.
-48.98979485566356
0.
12.24744871391589
0.
0.
1.
0.
-20.
0.
60.
0.
-40.
0.
5.
0.
0.
5.
0.
-40.
0.
60.
0.
-20.
0.
1.
0.
0.
12.24744871391589
0.
-48.98979485566356
0.
36.74234614174767
0.
-4.898979485566356
0.
0.
0.
0.
18.708286933869708
0.
-37.416573867739416
0.
11.224972160321824
0.
0.
0.
0.
0.
0.
18.708286933869708
0.
-14.966629547095765
0.
0.
0.
0.
0.
0.
0.
0.
11.224972160321824
0.
0.
0.
0.
0.
0.
0.
0.
0.
-11.224972160321824
0.
0.
0.
0.
0.
0.
0.
0.
18.708286933869708
0.
-14.966629547095765
0.
0.
0.
0.
0.
0.
-18.708286933869708
0.
37.416573867739416
0.
-11.224972160321824
0.
0.
0.
0.
12.24744871391589
0.
-48.98979485566356
0.
36.74234614174767
0.
-4.898979485566356
0.
0.
-5.
0.
40.
0.
-60.
0.
20.
0.
-1.
1.
0.
-20.
0.
60.
0.
-40.
0.
5.
0.
0.
4.898979485566356
0.
-36.74234614174767
0.
48.98979485566356
0.
-12.24744871391589
0.
0.
0.
0.
11.224972160321824
0.
-37.416573867739416
0.
18.708286933869708
0.
0.
0.
0.
0.
0.
14.966629547095765
0.
-18.708286933869708
0.
0.
0.
0.
0.
0.
0.
0.
11.224972160321824
0.
0.
0.
0.
0.
0.
0.
0.
0.
0.
0.
9.16515138991168
0.
0.
0.
0.
0.
0.
0.
0.
-18.33030277982336
0.
9.16515138991168
0.
0.
0.
0.
0.
0.
22.9128784747792
0.
-27.49545416973504
0.
4.58257569495584
0.
0.
0.
0.
-20.
0.
45.
0.
-18.
0.
1.
0.
0.
12.24744871391589
0.
-48.98979485566356
0.
36.74234614174767
0.
-4.898979485566356
0.
0.
-4.898979485566356
0.
36.74234614174767
0.
-48.98979485566356
0.
12.24744871391589
0.
0.
1.
0.
-18.
0.
45.
0.
-20.
0.
0.
0.
0.
4.58257569495584
0.
-27.49545416973504
0.
22.9128784747792
0.
0.
0.
0.
0.
0.
9.16515138991168
0.
-18.33030277982336
0.
0.
0.
0.
0.
0.
0.
0.
9.16515138991168
0.
0.
0.
0.
0.
0.
0.
0.
0.
0.
0.
0.
0.
-6.
0.
0.
0.
0.
0.
0.
0.
0.
14.
0.
-4.
0.
0.
0.
0.
0.
0.
-21.
0.
14.
0.
-1.
0.
0.
0.
0.
22.9128784747792
0.
-27.49545416973504
0.
4.58257569495584
0.
0.
0.
0.
-18.708286933869708
0.
37.416573867739416
0.
-11.224972160321824
0.
0.
0.
0.
11.224972160321824
0.
-37.416573867739416
0.
18.708286933869708
0.
0.
0.
0.
-4.58257569495584
0.
27.49545416973504
0.
-22.9128784747792
0.
0.
0.
0.
1.
0.
-14.
0.
21.
0.
0.
0.
0.
0.
0.
4.
0.
-14.
0.
0.
0.
0.
0.
0.
0.
0.
6.
0.
0.
0.
0.
0.
0.
0.
0.
0.
0.
0.
0.
0.
0.
0.
3.
0.
0.
0.
0.
0.
0.
0.
0.
-8.
0.
1.
0.
0.
0.
0.
0.
0.
14.
0.
-4.
0.
0.
0.
0.
0.
0.
-18.33030277982336
0.
9.16515138991168
0.
0.
0.
0.
0.
0.
18.708286933869708
0.
-14.966629547095765
0.
0.
0.
0.
0.
0.
-14.966629547095765
0.
18.708286933869708
0.
0.
0.
0.
0.
0.
9.16515138991168
0.
-18.33030277982336
0.
0.
0.
0.
0.
0.
-4.
0.
14.
0.
0.
0.
0.
0.
0.
1.
0.
-8.
0.
0.
0.
0.
0.
0.
0.
0.
3.
0.
0.
0.
0.
0.
0.
0.
0.
0.
0.
0.
0.
0.
0.
0.
0.
0.
-1.
0.
0.
0.
0.
0.
0.
0.
0.
3.
0.
0.
0.
0.
0.
0.
0.
0.
-6.
0.
0.
0.
0.
0.
0.
0.
0.
9.16515138991168
0.
0.
0.
0.
0.
0.
0.
0.
-11.224972160321824
0.
0.
0.
0.
0.
0.
0.
0.
11.224972160321824
0.
0.
0.
0.
0.
0.
0.
0.
-9.16515138991168
0.
0.
0.
0.
0.
0.
0.
0.
6.
0.
0.
0.
0.
0.
0.
0.
0.
-3.
0.
0.
0.
0.
0.
0.
0.
0.
1.
0.
0.
0.
0.
0.
0.
0.
0.
0.