1.
0.
0.
0.
0.
0.
0.
0.
0.
0.
0.
0.
0.
0.
3.4641016151377544
0.
0.
0.
0.
0.
0.
0.
0.
0.
0.
0.
0.
0.
8.12403840463596
0.
0.
0.
0.
0.
0.
0.
0.
0.
0.
0.
0.
0.
14.832396974191326
0.
0.
0.
0.
0.
0.
0.
0.
0.
0.
0.
0.
0.
22.24859546128699
0.
0.
0.
0.
0.
0.
0.
0.
0.
0.
0.
0.
0.
28.142494558940577
0.
0.
0.
0.
0.
0.
0.
0.
0.
0.
0.
0.
0.
30.397368307141328
0.
0.
0.
0.
0.
0.
0.
0.
0.
0.
0.
0.
0.
28.142494558940577
0.
0.
0.
0.
0.
0.
0.
0.
0.
0.
0.
0.
0.
22.24859546128699
0.
0.
0.
0.
0.
0.
0.
0.
0.
0.
0.
0.
0.
14.832396974191326
0.
0.
0.
0.
0.
0.
0.
0.
0.
0.
0.
0.
0.
8.12403840463596
0.
0.
0.
0.
0.
0.
0.
0.
0.
0.
0.
0.
0.
3.4641016151377544
0.
0.
0.
0.
0.
0.
0.
0.
0.
0.
0.
0.
0.
1.
0.
-3.4641016151377544
0.
0.
0.
0.
0.
0.
0.
0.
0.
0.
0.
1.
0.
-11.
0.
0.
0.
0.
0.
0.
0.
0.
0.
0.
0.
4.69041575982343
0.
-23.45207879911715
0.
0.
0.
0.
0.
0.
0.
0.
0.
0.
0.
12.84523257866513
0.
-38.535697735995385
0.
0.
0.
0.
0.
0.
0.
0.
0.
0.
0.
25.69046515733026
0.
-51.38093031466052
0.
0.
0.
0.
0.
0.
0.
0.
0.
0.
0.
40.620192023179804
0.
-56.868268832451726
0.
0.
0.
0.
0.
0.
0.
0.
0.
0.
0.
52.64978632435273
0.
-52.64978632435273
0.
0.
0.
0.
0.
0.
0.
0.
0.
0.
0.
56.868268832451726
0.
-40.620192023179804
0.
0.
0.
0.
0.
0.
0.
0.
0.
0.
0.
51.38093031466052
0.
-25.69046515733026
0.
0.
0.
0.
0.
0.
0.
0.
0.
0.
0.
38.535697735995385
0.
-12.84523257866513
0.
0.
0.
0.
0.
0.
0.
0.
0.
0.
0.
23.45207879911715
0.
-4.69041575982343
0.
0.
0.
0.
0.
0.
0.
0.
0.
0.
0.
11.
0.
-1.
0.
0.
0.
0.
0.
0.
0.
0.
0.
0.
0.
3.4641016151377544
0.
0.
0.
8.12403840463596
0.
0.
0.
0.
0.
0.
0.
0.
0.
0.
0.
-4.69041575982343
0.
23.45207879911715
0.
0.
0.
0.
0.
0.
0.
0.
0.
1.
0.
-20.
0.
45.
0.
0.
0.
0.
0.
0.
0.
0.
0.
5.477225575051661
0.
-49.29503017546495
0.
65.72670690061993
0.
0.
0.
0.
0.
0.
0.
0.
0.
16.431676725154983
0.
-87.63560920082658
0.
76.68115805072325
0.
0.
0.
0.
0.
0.
0.
0.
0.
34.64101615137754
0.
-121.2435565298214
0.
72.74613391789285
0.
0.
0.
0.
0.
0.
0.
0.
0.
56.12486080160912
0.
-134.6996659238619
0.
56.12486080160912
0.
0.
0.
0.
0.
0.
0.
0.
0.
72.74613391789285
0.
-121.2435565298214
0.
34.64101615137754
0.
0.
0.
0.
0.
0.
0.
0.
0.
76.68115805072325
0.
-87.63560920082658
0.
16.431676725154983
0.
0.
0.
0.
0.
0.
0.
0.
0.
65.72670690061993
0.
-49.29503017546495
0.
5.477225575051661
0.
0.
0.
0.
0.
0.
0.
0.
0.
45.
0.
-20.
0.
1.
0.
0.
0.
0.
0.
0.
0.
0.
0.
23.45207879911715
0.
-4.69041575982343
0.
0.
0.
0.
0.
0.
0.
0.
0.
0.
0.
8.12403840463596
0.
0.
0.
0.
0.
-14.832396974191326
0.
0.
0.
0.
0.
0.
0.
0.
0.
0.
0.
12.84523257866513
0.
-38.535697735995385
0.
0.
0.
0.
0.
0.
0.
0.
0.
-5.477225575051661
0.
49.29503017546495
0.
-65.72670690061993
0.
0.
0.
0.
0.
0.
0.
1.
0.
-27.
0.
108.
0.
-84.
0.
0.
0.
0.
0.
0.
0.
6.
0.
-72.
0.
168.
0.
-84.
0.
0.
0.
0.
0.
0.
0.
18.973665961010276
0.
-132.81566172707193
0.
199.22349259060792
0.
-66.40783086353596
0.
0.
0.
0.
0.
0.
0.
40.98780306383839
0.
-184.44511378727276
0.
184.44511378727276
0.
-40.98780306383839
0.
0.
0.
0.
0.
0.
0.
66.40783086353596
0.
-199.22349259060792
0.
132.81566172707193
0.
-18.973665961010276
0.
0.
0.
0.
0.
0.
0.
84.
0.
-168.
0.
72.
0.
-6.
0.
0.
0.
0.
0.
0.
0.
84.
0.
-108.
0.
27.
0.
-1.
0.
0.
0.
0.
0.
0.
0.
65.72670690061993
0.
-49.29503017546495
0.
5.477225575051661
0.
0.
0.
0.
0.
0.
0.
0.
0.
38.535697735995385
0.
-12.84523257866513
0.
0.
0.
0.
0.
0.
0.
0.
0.
0.
0.
14.832396974191326
0.
0.
0.
0.
0.
0.
0.
22.24859546128699
0.
0.
0.
0.
0.
0.
0.
0.
0.
0.
0.
-25.69046515733026
0.
51.38093031466052
0.
0.
0.
0.
0.
0.
0.
0.
0.
16.431676725154983
0.
-87.63560920082658
0.
76.68115805072325
0.
0.
0.
0.
0.
0.
0.
-6.
0.
72.
0.
-168.
0.
84.
0.
0.
0.
0.
0.
1.
0.
-32.
0.
168.
0.
-224.
0.
70.
0.
0.
0.
0.
0.
6.324555320336759
0.
-88.54377448471463
0.
265.63132345414385
0.
-221.35943621178657
0.
44.271887242357316
0.
0.
0.
0.
0.
20.493901531919196
0.
-163.95121225535357
0.
307.4085229787879
0.
-163.95121225535357
0.
20.493901531919196
0.
0.
0.
0.
0.
44.271887242357316
0.
-221.35943621178657
0.
265.63132345414385
0.
-88.54377448471463
0.
6.324555320336759
0.
0.
0.
0.
0.
70.
0.
-224.
0.
168.
0.
-32.
0.
1.
0.
0.
0.
0.
0.
84.
0.
-168.
0.
72.
0.
-6.
0.
0.
0.
0.
0.
0.
0.
76.68115805072325
0.
-87.63560920082658
0.
16.431676725154983
0.
0.
0.
0.
0.
0.
0.
0.
0.
51.38093031466052
0.
-25.69046515733026
0.
0.
0.
0.
0.
0.
0.
0.
0.
0.
0.
22.24859546128699
0.
0.
0.
0.
0.
0.
0.
0.
0.
-28.142494558940577
0.
0.
0.
0.
0.
0.
0.
0.
0.
0.
0.
40.620192023179804
0.
-56.868268832451726
0.
0.
0.
0.
0.
0.
0.
0.
0.
-34.64101615137754
0.
121.2435565298214
0.
-72.74613391789285
0.
0.
0.
0.
0.
0.
0.
18.973665961010276
0.
-132.81566172707193
0.
199.22349259060792
0.
-66.40783086353596
0.
0.
0.
0.
0.
-6.324555320336759
0.
88.54377448471463
0.
-265.63132345414385
0.
221.35943621178657
0.
-44.271887242357316
0.
0.
0.
1.
0.
-35.
0.
210.
0.
-350.
0.
175.
0.
-21.
0.
0.
0.
6.48074069840786
0.
-97.21111047611791
0.
324.037034920393
0.
-324.037034920393
0.
97.21111047611791
0.
-6.48074069840786
0.
0.
0.
21.
0.
-175.
0.
350.
0.
-210.
0.
35.
0.
-1.
0.
0.
0.
44.271887242357316
0.
-221.35943621178657
0.
265.63132345414385
0.
-88.54377448471463
0.
6.324555320336759
0.
0.
0.
0.
0.
66.40783086353596
0.
-199.22349259060792
0.
132.81566172707193
0.
-18.973665961010276
0.
0.
0.
0.
0.
0.
0.
72.74613391789285
0.
-121.2435565298214
0.
34.64101615137754
0.
0.
0.
0.
0.
0.
0.
0.
0.
56.868268832451726
0.
-40.620192023179804
0.
0.
0.
0.
0.
0.
0.
0.
0.
0.
0.
28.142494558940577
0.
0.
0.
0.
0.
0.
0.
0.
0.
0.
0.
30.397368307141328
0.
0.
0.
0.
0.
0.
0.
0.
0.
0.
0.
-52.64978632435273
0.
52.64978632435273
0.
0.
0.
0.
0.
0.
0.
0.
0.
56.12486080160912
0.
-134.6996659238619
0.
56.12486080160912
0.
0.
0.
0.
0.
0.
0.
-40.98780306383839
0.
184.44511378727276
0.
-184.44511378727276
0.
40.98780306383839
0.
0.
0.
0.
0.
20.493901531919196
0.
-163.95121225535357
0.
307.4085229787879
0.
-163.95121225535357
0.
20.493901531919196
0.
0.
0.
-6.48074069840786
0.
97.21111047611791
0.
-324.037034920393
0.
324.037034920393
0.
-97.21111047611791
0.
6.48074069840786
0.
1.
0.
-36.
0.
225.
0.
-400.
0.
225.
0.
-36.
0.
1.
0.
6.48074069840786
0.
-97.21111047611791
0.
324.037034920393
0.
-324.037034920393
0.
97.21111047611791
0.
-6.48074069840786
0.
0.
0.
20.493901531919196
0.
-163.95121225535357
0.
307.4085229787879
0.
-163.95121225535357
0.
20.493901531919196
0.
0.
0.
0.
0.
40.98780306383839
0.
-184.44511378727276
0.
184.44511378727276
0.
-40.98780306383839
0.
0.
0.
0.
0.
0.
0.
56.12486080160912
0.
-134.6996659238619
0.
56.12486080160912
0.
0.
0.
0.
0.
0.
0.
0.
0.
52.64978632435273
0.
-52.64978632435273
0.
0.
0.
0.
0.
0.
0.
0.
0.
0.
0.
30.397368307141328
0.
0.
0.
0.
0.
0.
0.
0.
0.
0.
0.
0.
0.
-28.142494558940577
0.
0.
0.
0.
0.
0.
0.
0.
0.
0.
0.
56.868268832451726
0.
-40.620192023179804
0.
0.
0.
0.
0.
0.
0.
0.
0.
-72.74613391789285
0.
121.2435565298214
0.
-34.64101615137754
0.
0.
0.
0.
0.
0.
0.
66.40783086353596
0.
-199.22349259060792
0.
132.81566172707193
0.
-18.973665961010276
0.
0.
0.
0.
0.
-44.271887242357316
0.
221.35943621178657
0.
-265.63132345414385
0.
88.54377448471463
0.
-6.324555320336759
0.
0.
0.
21.
0.
-175.
0.
350.
0.
-210.
0.
35.
0.
-1.
0.
-6.48074069840786
0.
97.21111047611791
0.
-324.037034920393
0.
324.037034920393
0.
-97.21111047611791
0.
6.48074069840786
0.
1.
0.
-35.
0.
210.
0.
-350.
0.
175.
0.
-21.
0.
0.
0.
6.324555320336759
0.
-88.54377448471463
0.
265.63132345414385
0.
-221.35943621178657
0.
44.271887242357316
0.
0.
0.
0.
0.
18.973665961010276
0.
-132.81566172707193
0.
199.22349259060792
0.
-66.40783086353596
0.
0.
0.
0.
0.
0.
0.
34.64101615137754
0.
-121.2435565298214
0.
72.74613391789285
0.
0.
0.
0.
0.
0.
0.
0.
0.
40.620192023179804
0.
-56.868268832451726
0.
0.
0.
0.
0.
0.
0.
0.
0.
0.
0.
28.142494558940577
0.
0.
0.
0.
0.
0.
0.
0.
0.
0.
0.
0.
0.
0.
0.
22.24859546128699
0.
0.
0.
0.
0.
0.
0.
0.
0.
0.
0.
-51.38093031466052
0.
25.69046515733026
0.
0.
0.
0.
0.
0.
0.
0.
0.
76.68115805072325
0.
-87.63560920082658
0.
16.431676725154983
0.
0.
0.
0.
0.
0.
0.
-84.
0.
168.
0.
-72.
0.
6.
0.
0.
0.
0.
0.
70.
0.
-224.
0.
168.
0.
-32.
0.
1.
0.
0.
0.
-44.271887242357316
0.
221.35943621178657
0.
-265.63132345414385
0.
88.54377448471463
0.
-6.324555320336759
0.
0.
0.
20.493901531919196
0.
-163.95121225535357
0.
307.4085229787879
0.
-163.95121225535357
0.
20.493901531919196
0.
0.
0.
-6.324555320336759
0.
88.54377448471463
0.
-265.63132345414385
0.
221.35943621178657
0.
-44.271887242357316
0.
0.
0.
1.
0.
-32.
0.
168.
0.
-224.
0.
70.
0.
0.
0.
0.
0.
6.
0.
-72.
0.
168.
0.
-84.
0.
0.
0.
0.
0.
0.
0.
16.431676725154983
0.
-87.63560920082658
0.
76.68115805072325
0.
0.
0.
0.
0.
0.
0.
0.
0.
25.69046515733026
0.
-51.38093031466052
0.
0.
0.
0.
0.
0.
0.
0.
0.
0.
0.
22.24859546128699
0.
0.
0.
0.
0.
0.
0.
0.
0.
0.
0.
0.
0.
0.
0.
0.
0.
-14.832396974191326
0.
0.
0.
0.
0.
0.
0.
0.
0.
0.
0.
38.535697735995385
0.
-12.84523257866513
0.
0.
0.
0.
0.
0.
0.
0.
0.
-65.72670690061993
0.
49.29503017546495
0.
-5.477225575051661
0.
0.
0.
0.
0.
0.
0.
84.
0.
-108.
0.
27.
0.
-1.
0.
0.
0.
0.
0.
-84.
0.
168.
0.
-72.
0.
6.
0.
0.
0.
0.
0.
66.40783086353596
0.
-199.22349259060792
0.
132.81566172707193
0.
-18.973665961010276
0.
0.
0.
0.
0.
-40.98780306383839
0.
184.44511378727276
0.
-184.44511378727276
0.
40.98780306383839
0.
0.
0.
0.
0.
18.973665961010276
0.
-132.81566172707193
0.
199.22349259060792
0.
-66.40783086353596
0.
0.
0.
0.
0.
-6.
0.
72.
0.
-168.
0.
84.
0.
0.
0.
0.
0.
1.
0.
-27.
0.
108.
0.
-84.
0.
0.
0.
0.
0.
0.
0.
5.477225575051661
0.
-49.29503017546495
0.
65.72670690061993
0.
0.
0.
0.
0.
0.
0.
0.
0.
12.84523257866513
0.
-38.535697735995385
0.
0.
0.
0.
0.
0.
0.
0.
0.
0.
0.
14.832396974191326
0.
0.
0.
0.
0.
0.
0.
0.
0.
0.
0.
0.
0.
0.
0.
0.
0.
0.
0.
8.12403840463596
0.
0.
0.
0.
0.
0.
0.
0.
0.
0.
0.
-23.45207879911715
0.
4.69041575982343
0.
0.
0.
0.
0.
0.
0.
0.
0.
45.
0.
-20.
0.
1.
0.
0.
0.
0.
0.
0.
0.
-65.72670690061993
0.
49.29503017546495
0.
-5.477225575051661
0.
0.
0.
0.
0.
0.
0.
76.68115805072325
0.
-87.63560920082658
0.
16.431676725154983
0.
0.
0.
0.
0.
0.
0.
-72.74613391789285
0.
121.2435565298214
0.
-34.64101615137754
0.
0.
0.
0.
0.
0.
0.
56.12486080160912
0.
-134.6996659238619
0.
56.12486080160912
0.
0.
0.
0.
0.
0.
0.
-34.64101615137754
0.
121.2435565298214
0.
-72.74613391789285
0.
0.
0.
0.
0.
0.
0.
16.431676725154983
0.
-87.63560920082658
0.
76.68115805072325
0.
0.
0.
0.
0.
0.
0.
-5.477225575051661
0.
49.29503017546495
0.
-65.72670690061993
0.
0.
0.
0.
0.
0.
0.
1.
0.
-20.
0.
45.
0.
0.
0.
0.
0.
0.
0.
0.
0.
4.69041575982343
0.
-23.45207879911715
0.
0.
0.
0.
0.
0.
0.
0.
0.
0.
0.
8.12403840463596
0.
0.
0.
0.
0.
0.
0.
0.
0.
0.
0.
0.
0.
0.
0.
0.
0.
0.
0.
0.
0.
-3.4641016151377544
0.
0.
0.
0.
0.
0.
0.
0.
0.
0.
0.
11.
0.
-1.
0.
0.
0.
0.
0.
0.
0.
0.
0.
-23.45207879911715
0.
4.69041575982343
0.
0.
0.
0.
0.
0.
0.
0.
0.
38.535697735995385
0.
-12.84523257866513
0.
0.
0.
0.
0.
0.
0.
0.
0.
-51.38093031466052
0.
25.69046515733026
0.
0.
0.
0.
0.
0.
0.
0.
0.
56.868268832451726
0.
-40.620192023179804
0.
0.
0.
0.
0.
0.
0.
0.
0.
-52.64978632435273
0.
52.64978632435273
0.
0.
0.
0.
0.
0.
0.
0.
0.
40.620192023179804
0.
-56.868268832451726
0.
0.
0.
0.
0.
0.
0.
0.
0.
-25.69046515733026
0.
51.38093031466052
0.
0.
0.
0.
0.
0.
0.
0.
0.
12.84523257866513
0.
-38.535697735995385
0.
0.
0.
0.
0.
0.
0.
0.
0.
-4.69041575982343
0.
23.45207879911715
0.
0.
0.
0.
0.
0.
0.
0.
0.
1.
0.
-11.
0.
0.
0.
0.
0.
0.
0.
0.
0.
0.
0.
3.4641016151377544
0.
0.
0.
0.
0.
0.
0.
0.
0.
0.
0.
0.
0.
0.
0.
0.
0.
0.
0.
0.
0.
0.
0.
1.
0.
0.
0.
0.
0.
0.
0.
0.
0.
0.
0.
-3.4641016151377544
0.
0.
0.
0.
0.
0.
0.
0.
0.
0.
0.
8.12403840463596
0.
0.
0.
0.
0.
0.
0.
0.
0.
0.
0.
-14.832396974191326
0.
0.
0.
0.
0.
0.
0.
0.
0.
0.
0.
22.24859546128699
0.
0.
0.
0.
0.
0.
0.
0.
0.
0.
0.
-28.142494558940577
0.
0.
0.
0.
0.
0.
0.
0.
0.
0.
0.
30.397368307141328
0.
0.
0.
0.
0.
0.
0.
0.
0.
0.
0.
-28.142494558940577
0.
0.
0.
0.
0.
0.
0.
0.
0.
0.
0.
22.24859546128699
0.
0.
0.
0.
0.
0.
0.
0.
0.
0.
0.
-14.832396974191326
0.
0.
0.
0.
0.
0.
0.
0.
0.
0.
0.
8.12403840463596
0.
0.
0.
0.
0.
0.
0.
0.
0.
0.
0.
-3.4641016151377544
0.
0.
0.
0.
0.
0.
0.
0.
0.
0.
0.
1.
0.
0.
0.
0.
0.
0.
0.
0.
0.
0.
0.
0.