1.
0.
0.
0.
0.
0.
0.
2.23606797749979
0.
0.
0.
0.
0.
0.
3.1622776601683795
0.
0.
0.
0.
0.
0.
3.1622776601683795
0.
0.
0.
0.
0.
0.
2.23606797749979
0.
0.
0.
0.
0.
0.
1.
0.
-2.23606797749979
0.
0.
0.
0.
1.
0.
-4.
0.
0.
0.
0.
2.8284271247461903
0.
-4.242640687119286
0.
0.
0.
0.
4.242640687119286
0.
-2.8284271247461903
0.
0.
0.
0.
4.
0.
-1.
0.
0.
0.
0.
2.23606797749979
0.
0.
0.
3.1622776601683795
0.
0.
0.
0.
-2.8284271247461903
0.
4.242640687119286
0.
0.
1.
0.
-6.
0.
3.
0.
0.
3.
0.
-6.
0.
1.
0.
0.
4.242640687119286
0.
-2.8284271247461903
0.
0.
0.
0.
3.1622776601683795
0.
0.
0.
0.
0.
-3.1622776601683795
0.
0.
0.
0.
4.242640687119286
0.
-2.8284271247461903
0.
0.
-3.
0.
6.
0.
-1.
1.
0.
-6.
0.
3.
0.
0.
2.8284271247461903
0.
-4.242640687119286
0.
0.
0.
0.
3.1622776601683795
0.
0.
0.
0.
0.
0.
0.
2.23606797749979
0.
0.
0.
0.
-4.
0.
1.
0.
0.
4.242640687119286
0.
-2.8284271247461903
0.
0.
-2.8284271247461903
0.
4.242640687119286
0.
0.
1.
0.
-4.
0.
0.
0.
0.
2.23606797749979
0.
0.
0.
0.
0.
0.
0.
0.
0.
-1.
0.
0.
0.
0.
2.23606797749979
0.
0.
0.
0.
-3.1622776601683795
0.
0.
0.
0.
3.1622776601683795
0.
0.
0.
0.
-2.23606797749979
0.
0.
0.
0.
1.
0.
0.
0.
0.
0.