1.
0.
0.
0.
0.
0.
0.
0.
0.
2.6457513110645907
0.
0.
0.
0.
0.
0.
0.
0.
4.58257569495584
0.
0.
0.
0.
0.
0.
0.
0.
5.916079783099616
0.
0.
0.
0.
0.
0.
0.
0.
5.916079783099616
0.
0.
0.
0.
0.
0.
0.
0.
4.58257569495584
0.
0.
0.
0.
0.
0.
0.
0.
2.6457513110645907
0.
0.
0.
0.
0.
0.
0.
0.
1.
0.
-2.6457513110645907
0.
0.
0.
0.
0.
0.
1.
0.
-6.
0.
0.
0.
0.
0.
0.
3.4641016151377544
0.
-8.660254037844386
0.
0.
0.
0.
0.
0.
6.708203932499369
0.
-8.94427190999916
0.
0.
0.
0.
0.
0.
8.94427190999916
0.
-6.708203932499369
0.
0.
0.
0.
0.
0.
8.660254037844386
0.
-3.4641016151377544
0.
0.
0.
0.
0.
0.
6.
0.
-1.
0.
0.
0.
0.
0.
0.
2.6457513110645907
0.
0.
0.
4.58257569495584
0.
0.
0.
0.
0.
0.
-3.4641016151377544
0.
8.660254037844386
0.
0.
0.
0.
1.
0.
-10.
0.
10.
0.
0.
0.
0.
3.872983346207417
0.
-15.491933384829668
0.
7.745966692414834
0.
0.
0.
0.
7.745966692414834
0.
-15.491933384829668
0.
3.872983346207417
0.
0.
0.
0.
10.
0.
-10.
0.
1.
0.
0.
0.
0.
8.660254037844386
0.
-3.4641016151377544
0.
0.
0.
0.
0.
0.
4.58257569495584
0.
0.
0.
0.
0.
-5.916079783099616
0.
0.
0.
0.
0.
0.
6.708203932499369
0.
-8.94427190999916
0.
0.
0.
0.
-3.872983346207417
0.
15.491933384829668
0.
-7.745966692414834
0.
0.
1.
0.
-12.
0.
18.
0.
-4.
0.
0.
4.
0.
-18.
0.
12.
0.
-1.
0.
0.
7.745966692414834
0.
-15.491933384829668
0.
3.872983346207417
0.
0.
0.
0.
8.94427190999916
0.
-6.708203932499369
0.
0.
0.
0.
0.
0.
5.916079783099616
0.
0.
0.
0.
0.
0.
0.
5.916079783099616
0.
0.
0.
0.
0.
0.
-8.94427190999916
0.
6.708203932499369
0.
0.
0.
0.
7.745966692414834
0.
-15.491933384829668
0.
3.872983346207417
0.
0.
-4.
0.
18.
0.
-12.
0.
1.
1.
0.
-12.
0.
18.
0.
-4.
0.
0.
3.872983346207417
0.
-15.491933384829668
0.
7.745966692414834
0.
0.
0.
0.
6.708203932499369
0.
-8.94427190999916
0.
0.
0.
0.
0.
0.
5.916079783099616
0.
0.
0.
0.
0.
0.
0.
0.
0.
-4.58257569495584
0.
0.
0.
0.
0.
0.
8.660254037844386
0.
-3.4641016151377544
0.
0.
0.
0.
-10.
0.
10.
0.
-1.
0.
0.
7.745966692414834
0.
-15.491933384829668
0.
3.872983346207417
0.
0.
-3.872983346207417
0.
15.491933384829668
0.
-7.745966692414834
0.
0.
1.
0.
-10.
0.
10.
0.
0.
0.
0.
3.4641016151377544
0.
-8.660254037844386
0.
0.
0.
0.
0.
0.
4.58257569495584
0.
0.
0.
0.
0.
0.
0.
0.
0.
0.
0.
2.6457513110645907
0.
0.
0.
0.
0.
0.
-6.
0.
1.
0.
0.
0.
0.
8.660254037844386
0.
-3.4641016151377544
0.
0.
0.
0.
-8.94427190999916
0.
6.708203932499369
0.
0.
0.
0.
6.708203932499369
0.
-8.94427190999916
0.
0.
0.
0.
-3.4641016151377544
0.
8.660254037844386
0.
0.
0.
0.
1.
0.
-6.
0.
0.
0.
0.
0.
0.
2.6457513110645907
0.
0.
0.
0.
0.
0.
0.
0.
0.
0.
0.
0.
0.
-1.
0.
0.
0.
0.
0.
0.
2.6457513110645907
0.
0.
0.
0.
0.
0.
-4.58257569495584
0.
0.
0.
0.
0.
0.
5.916079783099616
0.
0.
0.
0.
0.
0.
-5.916079783099616
0.
0.
0.
0.
0.
0.
4.58257569495584
0.
0.
0.
0.
0.
0.
-2.6457513110645907
0.
0.
0.
0.
0.
0.
1.
0.
0.
0.
0.
0.
0.
0.