0.
0.
0.
0.
0.
0.
0.
0.
0.
0.
-11.
0.
0.
0.
0.
0.
0.
0.
0.
0.
0.
-33.166247903553995
0.
3.3166247903554
0.
0.
0.
0.
0.
0.
0.
0.
-66.74578638386097
0.
14.832396974191326
0.
0.
0.
0.
0.
0.
0.
0.
-102.76186062932103
0.
38.535697735995385
0.
0.
0.
0.
0.
0.
0.
0.
-127.16131487209465
0.
72.6636084983398
0.
0.
0.
0.
0.
0.
0.
0.
-128.96511156122807
0.
107.47092630102338
0.
0.
0.
0.
0.
0.
0.
0.
-107.47092630102338
0.
128.96511156122807
0.
0.
0.
0.
0.
0.
0.
0.
-72.6636084983398
0.
127.16131487209465
0.
0.
0.
0.
0.
0.
0.
0.
-38.535697735995385
0.
102.76186062932103
0.
0.
0.
0.
0.
0.
0.
0.
-14.832396974191326
0.
66.74578638386097
0.
0.
0.
0.
0.
0.
0.
0.
-3.3166247903554
0.
33.166247903553995
0.
0.
0.
0.
0.
0.
0.
0.
0.
0.
11.
0.
0.
0.
0.
0.
0.
0.
0.
0.
0.
0.
0.
0.
0.
0.
0.
0.
0.
0.
33.166247903553995
0.
-3.3166247903554
0.
0.
0.
0.
0.
0.
0.
0.
90.
0.
-31.
0.
0.
0.
0.
0.
0.
0.
0.
160.99689437998487
0.
-105.09519494249012
0.
4.47213595499958
0.
0.
0.
0.
0.
0.
216.88706738761536
0.
-228.5060174262376
0.
23.237900077244504
0.
0.
0.
0.
0.
0.
230.04347415216978
0.
-366.9741135284613
0.
65.72670690061993
0.
0.
0.
0.
0.
0.
194.42222095223582
0.
-460.1325895869581
0.
129.6148139681572
0.
0.
0.
0.
0.
0.
129.6148139681572
0.
-460.1325895869581
0.
194.42222095223582
0.
0.
0.
0.
0.
0.
65.72670690061993
0.
-366.9741135284613
0.
230.04347415216978
0.
0.
0.
0.
0.
0.
23.237900077244504
0.
-228.5060174262376
0.
216.88706738761536
0.
0.
0.
0.
0.
0.
4.47213595499958
0.
-105.09519494249012
0.
160.99689437998487
0.
0.
0.
0.
0.
0.
0.
0.
-31.
0.
90.
0.
0.
0.
0.
0.
0.
0.
0.
-3.3166247903554
0.
33.166247903553995
0.
0.
0.
0.
0.
0.
0.
0.
0.
0.
0.
0.
0.
0.
0.
0.
0.
-66.74578638386097
0.
14.832396974191326
0.
0.
0.
0.
0.
0.
0.
0.
-160.99689437998487
0.
105.09519494249012
0.
-4.47213595499958
0.
0.
0.
0.
0.
0.
-252.
0.
306.
0.
-47.
0.
0.
0.
0.
0.
0.
-290.9845356715714
0.
575.0408681128672
0.
-176.66918237202546
0.
5.196152422706632
0.
0.
0.
0.
-257.1964229922337
0.
788.7356971761833
0.
-406.61529730200755
0.
29.393876913398135
0.
0.
0.
0.
-173.89652095427326
0.
826.008474532798
0.
-666.6033303247142
0.
86.94826047713663
0.
0.
0.
0.
-86.94826047713663
0.
666.6033303247142
0.
-826.008474532798
0.
173.89652095427326
0.
0.
0.
0.
-29.393876913398135
0.
406.61529730200755
0.
-788.7356971761833
0.
257.1964229922337
0.
0.
0.
0.
-5.196152422706632
0.
176.66918237202546
0.
-575.0408681128672
0.
290.9845356715714
0.
0.
0.
0.
0.
0.
47.
0.
-306.
0.
252.
0.
0.
0.
0.
0.
0.
4.47213595499958
0.
-105.09519494249012
0.
160.99689437998487
0.
0.
0.
0.
0.
0.
0.
0.
-14.832396974191326
0.
66.74578638386097
0.
0.
0.
0.
0.
0.
0.
0.
0.
0.
0.
0.
0.
0.
0.
102.76186062932103
0.
-38.535697735995385
0.
0.
0.
0.
0.
0.
0.
0.
216.88706738761536
0.
-228.5060174262376
0.
23.237900077244504
0.
0.
0.
0.
0.
0.
290.9845356715714
0.
-575.0408681128672
0.
176.66918237202546
0.
-5.196152422706632
0.
0.
0.
0.
280.
0.
-924.
0.
552.
0.
-59.
0.
0.
0.
0.
197.9898987322333
0.
-1059.2459582174483
0.
1069.1454531540599
0.
-234.7594513539338
0.
5.656854249492381
0.
0.
100.39920318408906
0.
-895.2262283914608
0.
1455.7884461692915
0.
-552.1956175124899
0.
33.46640106136302
0.
0.
33.46640106136302
0.
-552.1956175124899
0.
1455.7884461692915
0.
-895.2262283914608
0.
100.39920318408906
0.
0.
5.656854249492381
0.
-234.7594513539338
0.
1069.1454531540599
0.
-1059.2459582174483
0.
197.9898987322333
0.
0.
0.
0.
-59.
0.
552.
0.
-924.
0.
280.
0.
0.
0.
0.
-5.196152422706632
0.
176.66918237202546
0.
-575.0408681128672
0.
290.9845356715714
0.
0.
0.
0.
0.
0.
23.237900077244504
0.
-228.5060174262376
0.
216.88706738761536
0.
0.
0.
0.
0.
0.
0.
0.
-38.535697735995385
0.
102.76186062932103
0.
0.
0.
0.
0.
0.
0.
0.
0.
0.
0.
0.
0.
-127.16131487209465
0.
72.6636084983398
0.
0.
0.
0.
0.
0.
0.
0.
-230.04347415216978
0.
366.9741135284613
0.
-65.72670690061993
0.
0.
0.
0.
0.
0.
-257.1964229922337
0.
788.7356971761833
0.
-406.61529730200755
0.
29.393876913398135
0.
0.
0.
0.
-197.9898987322333
0.
1059.2459582174483
0.
-1069.1454531540599
0.
234.7594513539338
0.
-5.656854249492381
0.
0.
-105.
0.
980.
0.
-1722.
0.
756.
0.
-67.
0.
0.
-35.4964786985977
0.
633.020536791659
0.
-1893.145530591877
0.
1455.3556266425055
0.
-272.1396700225823
0.
5.916079783099616
-5.916079783099616
0.
272.1396700225823
0.
-1455.3556266425055
0.
1893.145530591877
0.
-633.020536791659
0.
35.4964786985977
0.
0.
67.
0.
-756.
0.
1722.
0.
-980.
0.
105.
0.
0.
5.656854249492381
0.
-234.7594513539338
0.
1069.1454531540599
0.
-1059.2459582174483
0.
197.9898987322333
0.
0.
0.
0.
-29.393876913398135
0.
406.61529730200755
0.
-788.7356971761833
0.
257.1964229922337
0.
0.
0.
0.
0.
0.
65.72670690061993
0.
-366.9741135284613
0.
230.04347415216978
0.
0.
0.
0.
0.
0.
0.
0.
-72.6636084983398
0.
127.16131487209465
0.
0.
0.
0.
0.
0.
0.
0.
0.
0.
0.
128.96511156122807
0.
-107.47092630102338
0.
0.
0.
0.
0.
0.
0.
0.
194.42222095223582
0.
-460.1325895869581
0.
129.6148139681572
0.
0.
0.
0.
0.
0.
173.89652095427326
0.
-826.008474532798
0.
666.6033303247142
0.
-86.94826047713663
0.
0.
0.
0.
100.39920318408906
0.
-895.2262283914608
0.
1455.7884461692915
0.
-552.1956175124899
0.
33.46640106136302
0.
0.
35.4964786985977
0.
-633.020536791659
0.
1893.145530591877
0.
-1455.3556266425055
0.
272.1396700225823
0.
-5.916079783099616
6.
0.
-285.
0.
1600.
0.
-2250.
0.
870.
0.
-71.
0.
0.
-71.
0.
870.
0.
-2250.
0.
1600.
0.
-285.
0.
6.
-5.916079783099616
0.
272.1396700225823
0.
-1455.3556266425055
0.
1893.145530591877
0.
-633.020536791659
0.
35.4964786985977
0.
0.
33.46640106136302
0.
-552.1956175124899
0.
1455.7884461692915
0.
-895.2262283914608
0.
100.39920318408906
0.
0.
0.
0.
-86.94826047713663
0.
666.6033303247142
0.
-826.008474532798
0.
173.89652095427326
0.
0.
0.
0.
0.
0.
129.6148139681572
0.
-460.1325895869581
0.
194.42222095223582
0.
0.
0.
0.
0.
0.
0.
0.
-107.47092630102338
0.
128.96511156122807
0.
0.
0.
0.
0.
0.
0.
0.
0.
-107.47092630102338
0.
128.96511156122807
0.
0.
0.
0.
0.
0.
0.
0.
-129.6148139681572
0.
460.1325895869581
0.
-194.42222095223582
0.
0.
0.
0.
0.
0.
-86.94826047713663
0.
666.6033303247142
0.
-826.008474532798
0.
173.89652095427326
0.
0.
0.
0.
-33.46640106136302
0.
552.1956175124899
0.
-1455.7884461692915
0.
895.2262283914608
0.
-100.39920318408906
0.
0.
-5.916079783099616
0.
272.1396700225823
0.
-1455.3556266425055
0.
1893.145530591877
0.
-633.020536791659
0.
35.4964786985977
0.
0.
71.
0.
-870.
0.
2250.
0.
-1600.
0.
285.
0.
-6.
6.
0.
-285.
0.
1600.
0.
-2250.
0.
870.
0.
-71.
0.
0.
-35.4964786985977
0.
633.020536791659
0.
-1893.145530591877
0.
1455.3556266425055
0.
-272.1396700225823
0.
5.916079783099616
0.
0.
100.39920318408906
0.
-895.2262283914608
0.
1455.7884461692915
0.
-552.1956175124899
0.
33.46640106136302
0.
0.
0.
0.
-173.89652095427326
0.
826.008474532798
0.
-666.6033303247142
0.
86.94826047713663
0.
0.
0.
0.
0.
0.
194.42222095223582
0.
-460.1325895869581
0.
129.6148139681572
0.
0.
0.
0.
0.
0.
0.
0.
-128.96511156122807
0.
107.47092630102338
0.
0.
0.
0.
0.
0.
0.
72.6636084983398
0.
-127.16131487209465
0.
0.
0.
0.
0.
0.
0.
0.
65.72670690061993
0.
-366.9741135284613
0.
230.04347415216978
0.
0.
0.
0.
0.
0.
29.393876913398135
0.
-406.61529730200755
0.
788.7356971761833
0.
-257.1964229922337
0.
0.
0.
0.
5.656854249492381
0.
-234.7594513539338
0.
1069.1454531540599
0.
-1059.2459582174483
0.
197.9898987322333
0.
0.
0.
0.
-67.
0.
756.
0.
-1722.
0.
980.
0.
-105.
0.
0.
-5.916079783099616
0.
272.1396700225823
0.
-1455.3556266425055
0.
1893.145530591877
0.
-633.020536791659
0.
35.4964786985977
0.
0.
35.4964786985977
0.
-633.020536791659
0.
1893.145530591877
0.
-1455.3556266425055
0.
272.1396700225823
0.
-5.916079783099616
0.
0.
-105.
0.
980.
0.
-1722.
0.
756.
0.
-67.
0.
0.
0.
0.
197.9898987322333
0.
-1059.2459582174483
0.
1069.1454531540599
0.
-234.7594513539338
0.
5.656854249492381
0.
0.
0.
0.
-257.1964229922337
0.
788.7356971761833
0.
-406.61529730200755
0.
29.393876913398135
0.
0.
0.
0.
0.
0.
230.04347415216978
0.
-366.9741135284613
0.
65.72670690061993
0.
0.
0.
0.
0.
0.
0.
0.
-127.16131487209465
0.
72.6636084983398
0.
0.
0.
0.
0.
-38.535697735995385
0.
102.76186062932103
0.
0.
0.
0.
0.
0.
0.
0.
-23.237900077244504
0.
228.5060174262376
0.
-216.88706738761536
0.
0.
0.
0.
0.
0.
-5.196152422706632
0.
176.66918237202546
0.
-575.0408681128672
0.
290.9845356715714
0.
0.
0.
0.
0.
0.
59.
0.
-552.
0.
924.
0.
-280.
0.
0.
0.
0.
5.656854249492381
0.
-234.7594513539338
0.
1069.1454531540599
0.
-1059.2459582174483
0.
197.9898987322333
0.
0.
0.
0.
-33.46640106136302
0.
552.1956175124899
0.
-1455.7884461692915
0.
895.2262283914608
0.
-100.39920318408906
0.
0.
0.
0.
100.39920318408906
0.
-895.2262283914608
0.
1455.7884461692915
0.
-552.1956175124899
0.
33.46640106136302
0.
0.
0.
0.
-197.9898987322333
0.
1059.2459582174483
0.
-1069.1454531540599
0.
234.7594513539338
0.
-5.656854249492381
0.
0.
0.
0.
280.
0.
-924.
0.
552.
0.
-59.
0.
0.
0.
0.
0.
0.
-290.9845356715714
0.
575.0408681128672
0.
-176.66918237202546
0.
5.196152422706632
0.
0.
0.
0.
0.
0.
216.88706738761536
0.
-228.5060174262376
0.
23.237900077244504
0.
0.
0.
0.
0.
0.
0.
0.
-102.76186062932103
0.
38.535697735995385
0.
0.
0.
14.832396974191326
0.
-66.74578638386097
0.
0.
0.
0.
0.
0.
0.
0.
4.47213595499958
0.
-105.09519494249012
0.
160.99689437998487
0.
0.
0.
0.
0.
0.
0.
0.
-47.
0.
306.
0.
-252.
0.
0.
0.
0.
0.
0.
-5.196152422706632
0.
176.66918237202546
0.
-575.0408681128672
0.
290.9845356715714
0.
0.
0.
0.
0.
0.
29.393876913398135
0.
-406.61529730200755
0.
788.7356971761833
0.
-257.1964229922337
0.
0.
0.
0.
0.
0.
-86.94826047713663
0.
666.6033303247142
0.
-826.008474532798
0.
173.89652095427326
0.
0.
0.
0.
0.
0.
173.89652095427326
0.
-826.008474532798
0.
666.6033303247142
0.
-86.94826047713663
0.
0.
0.
0.
0.
0.
-257.1964229922337
0.
788.7356971761833
0.
-406.61529730200755
0.
29.393876913398135
0.
0.
0.
0.
0.
0.
290.9845356715714
0.
-575.0408681128672
0.
176.66918237202546
0.
-5.196152422706632
0.
0.
0.
0.
0.
0.
-252.
0.
306.
0.
-47.
0.
0.
0.
0.
0.
0.
0.
0.
160.99689437998487
0.
-105.09519494249012
0.
4.47213595499958
0.
0.
0.
0.
0.
0.
0.
0.
-66.74578638386097
0.
14.832396974191326
0.
-3.3166247903554
0.
33.166247903553995
0.
0.
0.
0.
0.
0.
0.
0.
0.
0.
31.
0.
-90.
0.
0.
0.
0.
0.
0.
0.
0.
4.47213595499958
0.
-105.09519494249012
0.
160.99689437998487
0.
0.
0.
0.
0.
0.
0.
0.
-23.237900077244504
0.
228.5060174262376
0.
-216.88706738761536
0.
0.
0.
0.
0.
0.
0.
0.
65.72670690061993
0.
-366.9741135284613
0.
230.04347415216978
0.
0.
0.
0.
0.
0.
0.
0.
-129.6148139681572
0.
460.1325895869581
0.
-194.42222095223582
0.
0.
0.
0.
0.
0.
0.
0.
194.42222095223582
0.
-460.1325895869581
0.
129.6148139681572
0.
0.
0.
0.
0.
0.
0.
0.
-230.04347415216978
0.
366.9741135284613
0.
-65.72670690061993
0.
0.
0.
0.
0.
0.
0.
0.
216.88706738761536
0.
-228.5060174262376
0.
23.237900077244504
0.
0.
0.
0.
0.
0.
0.
0.
-160.99689437998487
0.
105.09519494249012
0.
-4.47213595499958
0.
0.
0.
0.
0.
0.
0.
0.
90.
0.
-31.
0.
0.
0.
0.
0.
0.
0.
0.
0.
0.
-33.166247903553995
0.
3.3166247903554
0.
-11.
0.
0.
0.
0.
0.
0.
0.
0.
0.
0.
-3.3166247903554
0.
33.166247903553995
0.
0.
0.
0.
0.
0.
0.
0.
0.
0.
14.832396974191326
0.
-66.74578638386097
0.
0.
0.
0.
0.
0.
0.
0.
0.
0.
-38.535697735995385
0.
102.76186062932103
0.
0.
0.
0.
0.
0.
0.
0.
0.
0.
72.6636084983398
0.
-127.16131487209465
0.
0.
0.
0.
0.
0.
0.
0.
0.
0.
-107.47092630102338
0.
128.96511156122807
0.
0.
0.
0.
0.
0.
0.
0.
0.
0.
128.96511156122807
0.
-107.47092630102338
0.
0.
0.
0.
0.
0.
0.
0.
0.
0.
-127.16131487209465
0.
72.6636084983398
0.
0.
0.
0.
0.
0.
0.
0.
0.
0.
102.76186062932103
0.
-38.535697735995385
0.
0.
0.
0.
0.
0.
0.
0.
0.
0.
-66.74578638386097
0.
14.832396974191326
0.
0.
0.
0.
0.
0.
0.
0.
0.
0.
33.166247903553995
0.
-3.3166247903554
0.
0.
0.
0.
0.
0.
0.
0.
0.
0.
-11.
0.